> Plagl1_ZNF101 14
0 666 113 226 75
1 2885 5004 4426 2918
2 3861 4430 4082 2860
3 2143 8368 3034 1688
4 2223 1488 1474 10048
5 200 247 14662 124
6 1222 361 13307 343
7 287 271 14438 237
8 205 342 14537 149
9 795 13758 328 352
10 543 13591 475 624
11 12588 783 1280 582
12 2093 4618 4852 2590
13 3414 3614 4567 2558

> ZNF629_ADNP 28
0 68 2248 53 153
1 48 143 23 2308
2 24 2309 14 175
3 2196 73 131 122
4 221 65 2122 114
5 13 107 21 2381
6 38 178 143 2163
7 46 39 69 2368
8 210 1143 178 991
9 1232 17131 1056 4810
10 1923 5624 1003 15679
11 1276 18368 904 3681
12 19927 1417 1616 1269
13 537 1960 781 20951
14 372 23003 339 515
15 750 954 206 22319
16 2857 791 19923 658
17 906 2279 1188 19856
18 18710 769 3996 754
19 21277 1071 1200 681
20 23020 285 652 272
21 21743 412 1528 546
22 309 547 539 22834
23 709 98 23194 228
24 716 131 23068 314
25 2587 549 20541 552
26 7156 4180 9002 3891
27 11404 3344 3289 3670

> ZBTB20_ZBTB45 12
0 2812 2204 4024 5168
1 2635 6181 3101 8951
2 14498 2241 6347 2328
3 15807 1272 1622 1028
4 28 7910 608 7968
5 1639 5008 14523 446
6 19 1272 0 15807
7 15807 0 249 55
8 1463 1239 31 15807
9 10136 116 6158 318
10 287 3855 9939 5868
11 4829 4526 4154 2297

> ZKSCAN1_ZNF784 11
0 7659 1884 4087 2306
1 1933 7051 923 3988
2 6208 608 6549 135
3 142 15 12621 51
4 22 42 35 12656
5 12608 144 229 206
6 2194 178 10327 105
7 82 12 12604 53
8 605 1303 756 9998
9 7802 3753 5092 2256
10 554 4416 2113 1757

> ZNF594_ZNF860_ZNF37A_ZNF483_ZNF610 18
0 52 159 154 294
1 901 1477 1190 477
2 230 2680 882 395
3 782 2327 658 1419
4 127 1038 3813 208
5 250 4282 407 249
6 1430 2726 739 292
7 42 86 4978 80
8 18 5103 43 23
9 34 58 136 4958
10 18 4925 103 140
11 157 3348 352 1329
12 214 3460 970 542
13 1018 1554 946 1669
14 606 1878 1436 608
15 511 909 192 530
16 206 393 161 381
17 108 519 134 239

> Arid1A_Nrf1 15
0 2195 3418 4931 2185
1 2915 4954 3038 3926
2 1881 7652 4072 1228
3 1251 2241 1201 10140
4 725 488 13463 157
5 432 13791 363 247
6 2193 212 12190 238
7 162 13869 530 272
8 6158 5513 2741 421
9 136 647 461 13589
10 131 285 14310 107
11 168 13502 561 602
12 799 989 11855 1190
13 753 9273 1392 3415
14 4157 2501 4790 1281

> ZNF614_ZBTB6 13
0 593 317 713 604
1 406 624 493 739
2 324 1162 603 173
3 94 2114 26 28
4 29 105 52 2076
5 207 45 410 1600
6 14 60 2178 10
7 2191 28 22 21
8 58 20 2136 48
9 58 2115 42 47
10 104 1821 90 247
11 606 719 469 468
12 564 595 755 348

> MYNN_ZFP3 14
0 357 227 549 266
1 363 414 324 298
2 540 109 480 270
3 590 69 666 74
4 1163 36 150 50
5 11 1376 7 5
6 11 12 5 1371
7 24 1116 14 245
8 34 564 8 793
9 15 11 15 1358
10 1338 17 31 13
11 205 408 74 712
12 230 185 226 758
13 163 622 146 468

> ZNF440_ZNF714 13
0 555 99 239 108
1 418 159 1114 309
2 304 713 89 893
3 466 216 863 455
4 12 2 1551 436
5 2 129 25 1845
6 41 393 733 833
7 18 1854 80 47
8 67 2 2 1929
9 17 8 1904 71
10 25 1869 2 105
11 204 254 35 1508
12 110 435 306 149

> Prdm4_ZFP69 17
0 438 193 874 258
1 582 226 409 546
2 294 296 774 399
3 378 787 452 146
4 60 1604 17 82
5 166 60 25 1512
6 313 37 666 747
7 70 5 1679 9
8 1728 15 10 10
9 1562 19 44 138
10 1683 9 60 11
11 27 1688 18 30
12 775 444 52 492
13 712 193 736 122
14 190 538 521 514
15 383 731 198 451
16 463 352 351 597

> SOX12_SOX14_Sox11_SOX10_SOX4_SOX2_SOX13_Sox3_Sox17_Sox5_SOX18_SOX9_Sox6_SOX15_SOX8 14
0 4272 2900 3458 3025
1 6803 7289 6494 4471
2 15213 5118 6758 5201
3 43469 17852 50880 34204
4 63978 22495 27163 28418
5 134106 760 918 1912
6 1917 127070 2681 6240
7 131864 1836 864 3064
8 130819 2688 2837 1585
9 24228 1558 1644 113831
10 17391 1983 118068 3407
11 25563 14992 84143 13986
12 43191 30024 29839 29526
13 37038 24698 22736 30223

> HKR1_ZNF479 14
0 9 11 14 24
1 3014 1673 2999 1811
2 2947 844 3453 2253
3 291 115 8726 365
4 150 89 9169 89
5 9190 85 127 95
6 5496 437 662 2902
7 119 138 9141 99
8 9150 137 117 93
9 158 9104 125 110
10 778 930 320 7469
11 928 2124 1151 5294
12 1212 1148 4054 3083
13 3024 1248 4305 862

> ZNF8_ZNF211 20
0 335 46 2073 236
1 262 343 53 2032
2 2016 149 432 93
3 352 249 104 2779
4 1193 78 1938 275
5 91 356 2056 981
6 3276 72 112 24
7 15 350 14 3105
8 2640 25 781 38
9 53 22 30 3379
10 3312 8 148 16
11 9 3446 8 21
12 61 3347 20 56
13 3291 33 100 60
14 142 2481 118 743
15 2772 161 363 188
16 607 286 840 1751
17 446 197 198 2643
18 145 149 182 2214
19 153 118 177 2242

> ZNF16_ZNF324 23
0 927 276 340 288
1 625 522 458 225
2 210 398 405 818
3 736 185 446 463
4 280 86 1280 185
5 156 134 1344 198
6 481 329 918 103
7 1575 10 135 111
8 60 29 1678 64
9 335 1094 152 250
10 209 1260 14 348
11 1722 27 22 60
12 737 207 239 648
13 244 27 1354 207
14 25 26 1769 12
15 1367 148 100 215
16 608 55 257 912
17 223 9 1546 53
18 90 8 1721 13
19 78 451 76 1226
20 51 66 305 1409
21 62 270 136 365
22 67 109 95 562

> ZNF749_ZNF524 13
0 22 16 13 5
1 487 400 313 314
2 179 1214 225 295
3 54 163 0 1459
4 17 1510 39 173
5 48 112 1459 25
6 678 318 430 88
7 1509 48 10 10
8 5 1512 1 11
9 1 1513 3 21
10 11 1513 19 26
11 453 500 877 600
12 290 288 447 488

> YBX1_ZNF333_ZNF354C 10
0 1 883 115 1
1 1865 5046 1297 6024
2 1265 788 11273 1187
3 656 3737 198 10685
4 6439 1739 236 5190
5 2595 11630 1 612
6 1 11630 1 1785
7 11442 144 3 566
8 56 4116 253 7264
9 0 10617 0 0

> ZBTB14_ZNF222_ZNF616 13
0 653 2037 1744 1113
1 530 2791 1584 642
2 946 3661 1140 182
3 139 4981 355 455
4 353 352 5143 81
5 77 5412 333 107
6 170 308 4084 1367
7 72 5351 281 226
8 5695 63 80 91
9 102 4995 674 158
10 1260 2525 1474 670
11 509 2858 1361 1201
12 85 94 97 106

> ZNF662 18
0 157 44 621 178
1 157 147 642 54
2 106 240 198 456
3 827 44 95 34
4 3 3 992 3
5 44 343 611 3
6 487 456 13 44
7 384 219 302 95
8 229 260 446 64
9 34 44 920 3
10 106 34 704 157
11 75 3 910 13
12 157 693 95 54
13 75 126 75 724
14 838 3 137 23
15 23 3 972 3
16 456 374 126 44
17 75 312 219 394

> ZNF530 18
0 46 7 944 1
1 504 345 109 39
2 931 46 14 7
3 428 52 339 179
4 33 7 957 1
5 1 1 995 1
6 536 294 78 90
7 396 192 294 116
8 893 1 65 39
9 1 1 995 1
10 109 7 880 1
11 1 1 995 1
12 7 300 670 20
13 97 785 71 46
14 288 179 364 167
15 78 160 670 90
16 173 262 415 148
17 326 281 262 128

> ZNF136 15
0 1129 142 1820 110
1 1628 151 286 1136
2 3078 29 69 25
3 38 34 34 3095
4 27 69 27 3078
5 57 2910 31 203
6 39 83 46 3033
7 433 93 511 2164
8 287 17 2799 98
9 110 48 2995 48
10 157 672 33 2339
11 83 60 102 2956
12 165 40 2904 92
13 1889 120 1048 144
14 575 1973 82 571

> ZNF680 15
0 1457 303 3629 377
1 1789 1063 1096 1818
2 418 4870 133 345
3 1120 4324 69 253
4 5394 60 208 104
5 4522 17 1116 111
6 43 14 5691 18
7 5681 23 44 18
8 5479 13 203 71
9 494 40 5144 88
10 5661 41 39 25
11 4020 808 163 775
12 202 396 213 4955
13 1579 770 1870 1547
14 3646 469 455 1196

> BACH2_NFE2_FOS_Fosb_Atf3_BATF3_BATF::JUN_BATF_JDP2_BACH1_JUN::JUNB_FOSL1::JUND_FOS::JUN_FOSL2::JUND_FOSB::JUNB_FOSL2::JUNB_FOSL2_FOSL1_JUNB_JUND_FOSL1::JUNB_FOSL1::JUN_FOS::JUND_FOS::JUNB_BNC2_FOSL2::JUN_Jun_MAF::NFE2_Nfe2l2_MAF_MAFA_MAFK_MAFG::NFE2L1_Bach1::Mafk_Mafg 20
0 26746 12203 13720 15601
1 38493 9161 9714 24582
2 69498 12792 18194 24022
3 98670 90209 94247 119975
4 179505 174956 215834 177973
5 433642 145125 162993 50906
6 8168 8102 4797 752288
7 10578 7459 719117 37177
8 748408 9292 7701 8730
9 29746 568885 141809 32507
10 19851 5370 16056 736841
11 44195 712861 7335 11849
12 746135 7068 9590 10694
13 50417 119178 159123 472258
14 159600 268710 149197 160859
15 161260 131403 99288 119340
16 44575 31831 27604 78152
17 39910 20783 17197 59812
18 15553 15725 11359 26723
19 211 283 106 490

> ZNF484_ZNF821 18
0 71 13 19 13
1 39 3 69 5
2 2721 3775 1126 2400
3 2276 1666 7743 747
4 287 379 10001 684
5 10018 172 112 120
6 317 9973 54 426
7 8656 863 1359 737
8 1464 464 10018 717
9 10014 27 58 1
10 296 9907 201 1122
11 5593 1674 4427 1628
12 1041 527 9909 1709
13 10011 282 54 31
14 210 10015 48 669
15 7194 623 2817 1181
16 2067 2404 2554 2997
17 18 7 82 9

> ZNF250_ZNF677 16
0 297 660 144 480
1 502 506 182 648
2 675 140 830 193
3 1241 153 279 165
4 286 396 132 1024
5 1525 216 53 44
6 1766 10 23 39
7 278 11 1520 29
8 1746 51 25 16
9 1589 44 70 135
10 34 1696 42 66
11 1712 9 13 104
12 64 35 1629 110
13 223 919 196 500
14 603 460 316 459
15 575 289 306 411

> Prdm14_ZNF808 16
0 115 54 1045 74
1 3889 3781 3626 3833
2 5802 1532 4901 2894
3 770 1116 12365 878
4 335 579 13672 543
5 593 469 1244 12823
6 285 13748 571 525
7 428 1303 191 13207
8 1062 12302 970 795
9 217 362 139 14411
10 13759 521 445 404
11 7517 2242 2121 3249
12 3328 5736 3251 2814
13 291 441 211 345
14 199 97 650 342
15 175 78 944 91

> ZNF416 11
0 47 32 26 240
1 197 25 77 46
2 48 28 15 254
3 1 334 7 3
4 2 6 1 336
5 1 7 335 2
6 2 5 335 3
7 0 1 341 3
8 4 320 3 18
9 212 38 29 66
10 68 136 40 101

> ZNF84 11
0 266 367 175 7243
1 384 230 6909 528
2 96 2297 23 5635
3 51 7944 13 43
4 48 28 89 7886
5 242 39 7753 17
6 29 38 31 7953
7 35 34 85 7897
8 61 7890 54 46
9 6933 416 269 433
10 551 749 475 6276

> Sp7_ZNF133 14
0 4442 1893 2121 1826
1 2399 2414 1990 3479
2 1222 4458 4032 570
3 411 620 210 9041
4 8705 284 1081 212
5 332 449 432 9069
6 9596 247 172 267
7 9753 162 104 263
8 323 222 972 8765
9 1143 1048 796 7295
10 2980 544 5011 1747
11 320 210 3941 189
12 1825 1114 496 1225
13 908 627 2017 1108

> ZNF783_Zfx 15
0 50 178 179 70
1 59 170 173 75
2 91 151 199 37
3 72 49 297 61
4 60 677 285 133
5 66 663 212 214
6 30 124 857 144
7 191 827 122 15
8 8 2 1144 1
9 1 3 1146 5
10 1 1154 0 0
11 1 1145 8 1
12 1 1 4 1149
13 162 412 433 147
14 83 242 230 119

> ZNF586 18
0 171 100 87 148
1 86 87 111 222
2 63 63 224 156
3 29 5 39 433
4 8 9 482 7
5 4 488 7 7
6 37 8 3 458
7 469 12 20 5
8 491 8 5 2
9 28 15 3 460
10 2 20 403 81
11 6 492 0 8
12 277 54 29 146
13 232 13 236 25
14 17 429 13 47
15 339 78 19 70
16 132 63 225 86
17 95 66 221 124

> ZBTB37 17
0 2829 1621 1771 2004
1 990 699 1544 6726
2 348 228 8139 442
3 6 8212 116 0
4 523 7756 0 18
5 291 34 8198 15
6 2302 1542 350 4033
7 3265 2452 2496 14
8 209 203 1162 7911
9 276 275 318 8032
10 4988 8 3227 53
11 173 56 8228 3
12 36 8184 66 20
13 153 8161 32 39
14 231 17 8211 20
15 6400 145 627 1391
16 1301 2914 727 3284

> Zfp683_ZKSCAN5 18
0 17 21 23 25
1 27 27 15 17
2 919 640 1180 674
3 836 714 1233 630
4 1538 321 832 722
5 137 30 3196 50
6 114 30 3241 28
7 3282 62 50 19
8 1531 28 1827 27
9 103 37 3224 49
10 75 87 77 3174
11 47 27 3326 13
12 3256 47 71 39
13 409 384 2057 563
14 1323 510 1094 486
15 1191 585 1091 546
16 36 12 14 24
17 22 21 27 16

> NFIB_ZNF195_ZNF491_ZNF544_NFIC::TLX1_NFIC_NFIX 21
0 1330 1186 1304 1782
1 1589 1003 1514 1496
2 4383 9901 6747 4034
3 3767 13571 2381 11007
4 451 85 2038 24741
5 7 11 25052 15
6 16 27 25036 16
7 609 24880 31 21
8 23539 2141 2832 2706
9 4476 10582 3740 6285
10 5349 7754 6771 5208
11 5791 5095 10008 4187
12 4615 5984 2712 11772
13 191 34 24848 2103
14 16 25019 29 21
15 9 25044 11 18
16 24575 2785 269 202
17 23256 3626 5961 4926
18 4441 8094 8421 4111
19 1553 1407 1039 1603
20 1756 1298 1222 1326

> ZIK1 21
0 582 95 227 95
1 240 95 240 424
2 148 3 714 135
3 280 56 661 3
4 3 990 3 3
5 990 3 3 3
6 977 3 16 3
7 477 135 56 332
8 398 3 569 30
9 30 3 845 122
10 3 964 3 30
11 832 69 3 95
12 280 661 56 3
13 359 253 135 253
14 503 43 293 161
15 201 543 122 135
16 253 69 635 43
17 688 30 135 148
18 214 214 293 280
19 411 43 332 214
20 109 148 543 201

> ZNF623 22
0 2899 919 315 314
1 1613 608 613 1613
2 624 48 3736 39
3 126 96 100 4125
4 178 22 4160 87
5 20 4354 9 64
6 4221 159 33 34
7 4395 15 33 4
8 4253 12 155 27
9 109 24 4173 141
10 145 18 4211 73
11 46 3517 143 741
12 162 4203 18 64
13 35 4362 6 44
14 254 232 88 3873
15 79 18 4336 14
16 2433 126 1144 744
17 133 17 4270 27
18 191 83 4093 80
19 139 2608 82 1618
20 2604 396 1030 417
21 722 231 3168 326

> ZBTB40 13
0 7717 1394 1690 2122
1 7718 1788 1338 2079
2 11435 397 397 694
3 11268 184 918 553
4 306 11831 297 489
5 280 133 101 12409
6 250 143 272 12258
7 146 158 98 12521
8 12315 190 197 221
9 453 467 194 11809
10 1198 1097 952 9676
11 2945 1452 2651 5875
12 6734 1416 2328 2445

> CTCF_CTCF_CTCF 35
0 293 1497 400 385
1 1146 3946 1379 2870
2 955 439 2795 5152
3 249 2261 6277 555
4 2273 5595 396 1077
5 5004 993 1846 1498
6 1816 1433 3501 2592
7 937 1309 1463 5631
8 1586 2109 2101 3545
9 1217 5102 1182 1840
10 1488 4706 1167 1979
11 2591 2706 1911 2134
12 1939 3053 2640 1709
13 2302 2912 1817 2310
14 2522 2142 1970 2708
15 2161 2333 2686 2160
16 1366 3542 1410 3935
17 2210 1995 3724 2326
18 2534 1140 4843 1737
19 964 7942 694 655
20 270 9739 87 158
21 6933 467 1274 1580
22 600 5488 3778 388
23 1705 4197 841 3510
24 8242 309 1031 672
25 247 123 9817 66
26 3967 102 6050 133
27 718 336 5199 3999
28 306 90 9688 168
29 522 527 8298 905
30 1473 7281 337 1160
31 4130 643 4752 726
32 1062 5111 3027 1049
33 1591 3531 1144 3982
34 3463 2483 2940 1361

> ZNF223_Zfp335 16
0 188 185 683 135
1 247 170 670 104
2 233 140 469 349
3 51 27 1083 30
4 106 62 1082 25
5 110 221 70 874
6 88 177 936 74
7 12 1219 30 14
8 1070 75 94 36
9 7 23 1237 8
10 15 11 1227 22
11 71 1103 58 43
12 992 93 85 105
13 102 237 841 95
14 310 328 459 178
15 214 289 512 176

> ZFP1_Six3 17
0 3148 594 2108 1632
1 719 216 6994 852
2 761 6790 649 1856
3 2541 354 262 6751
4 2095 537 6933 146
5 94 56 7448 44
6 326 254 7315 312
7 324 128 329 7346
8 7374 77 463 1
9 72 302 180 7361
10 6669 1513 2049 801
11 6823 474 2424 632
12 6334 1449 1130 2936
13 7059 303 517 748
14 1595 1446 3067 1375
15 34 22 18 27
16 8 11 24 58

> HINFP 12
0 23 340 106 100
1 285 131 113 53
2 276 45 217 17
3 1 388 97 7
4 0 14 484 10
5 0 0 0 470
6 0 404 13 0
7 0 413 0 3
8 0 31 472 21
9 1 395 15 12
10 85 55 188 97
11 77 84 154 107

> ZNF296 11
0 133 313 328 377
1 1151 267 704 237
2 163 368 783 63
3 45 96 0 1151
4 0 10 1151 0
5 0 3 1151 12
6 764 79 0 387
7 20 1151 27 19
8 1151 37 144 36
9 113 580 571 479
10 106 226 212 607

> SATB1_ZNF525 16
0 435 29 49 27
1 464 16 14 46
2 493 25 15 7
3 11618 4810 4676 13660
4 11212 4293 5144 14115
5 11503 5350 8330 9581
6 264 33644 154 702
7 493 198 39 34034
8 34189 167 234 174
9 33238 116 129 1281
10 289 137 125 34213
11 32080 493 1334 857
12 31185 884 1074 1621
13 9194 13200 2626 9744
14 12191 4834 4273 13466
15 13190 4753 5619 11202

> FOXJ2::HOXB13_FOXR2 17
0 917 100 351 134
1 176 632 70 870
2 1396 207 870 86
3 32 459 128 2265
4 2265 186 34 12
5 1758 162 290 570
6 2265 34 313 5
7 17 2265 42 163
8 1901 141 72 369
9 303 176 2 1798
10 2265 14 246 25
11 1502 151 222 1131
12 2067 26 4 202
13 1312 187 214 1502
14 1572 178 533 28
15 1355 507 209 739
16 649 272 180 400

> GATA5_GATA1_GATA2_GATA6_GATA4_TRPS1_Gata3_Mecom_ZSCAN9 20
0 96876 40106 65827 76364
1 84699 70280 68205 71917
2 225220 8548 18398 46508
3 6288 3398 280097 4786
4 283775 2131 3298 5367
5 6224 4088 4617 279999
6 227463 3722 4737 59288
7 279281 2734 5414 7549
8 18321 22682 239312 15051
9 148177 33734 83295 33246
10 89325 49800 53555 101889
11 79606 33202 33881 46472
12 39009 13432 16235 22322
13 6 10 11530 19
14 11306 654 5 3
15 11451 2 64 116
16 859 2405 2686 5573
17 1285 10443 307 1293
18 8117 2230 1496 1523
19 1645 4570 2231 3076

> PRDM9_ZNF320 27
0 369 89 331 209
1 388 87 1273 247
2 173 86 1271 467
3 391 60 1021 523
4 44 12 1879 61
5 68 12 1914 2
6 428 197 942 428
7 425 945 361 265
8 870 773 237 116
9 527 659 576 234
10 430 46 1376 144
11 102 9 1707 179
12 459 89 1332 116
13 31 2 1962 2
14 45 16 1908 26
15 650 975 220 151
16 667 750 308 271
17 675 50 601 671
18 531 509 678 277
19 856 122 310 708
20 358 170 1351 117
21 601 691 390 313
22 826 346 619 205
23 643 381 674 299
24 455 384 789 368
25 187 221 295 295
26 221 269 312 197

> ZNF713 19
0 1028 925 775 1641
1 3106 1245 589 190
2 531 0 4150 2
3 4370 0 0 0
4 4366 82 1 0
5 4140 0 497 0
6 4370 1 0 0
7 4370 1 0 0
8 4262 2 0 183
9 1 0 4370 2
10 4368 61 0 0
11 14 4366 3 12
12 2186 4 6 2181
13 1862 35 2259 530
14 71 0 4331 2
15 4369 2 2 5
16 4329 11 37 47
17 3695 218 600 372
18 1036 1043 1813 477

> ZNF713 19
0 5127 4349 4409 7290
1 8236 10560 643 2793
2 899 6 20667 6
3 21158 40 10 0
4 2183 18617 996 4504
5 4237 12 20248 8
6 21160 42 11 0
7 1110 18070 4214 262
8 15 321 77 20913
9 0 11 21168 15
10 16 21169 19 11
11 34 21064 13 111
12 21154 38 15 207
13 87 21051 276 17
14 127 17 21071 8
15 21156 17 12 4
16 21103 20 103 32
17 18256 482 2233 1508
18 5007 6409 8015 1745

> ZFP57 13
0 1156 1721 1829 1626
1 1553 1611 1598 1570
2 2236 1514 1643 939
3 639 1061 1255 3377
4 12 37 140 6143
5 24 71 6213 24
6 26 6254 16 36
7 11 5595 719 7
8 91 16 6166 59
9 38 5828 279 187
10 5116 331 729 156
11 1450 1699 1896 1287
12 1351 1665 1627 1689

> ZNF891_ZNF254 18
0 66 117 636 180
1 117 332 218 332
2 178 278 860 377
3 266 1130 129 168
4 279 747 319 348
5 103 577 237 776
6 1137 259 125 172
7 195 4 1444 50
8 223 800 474 196
9 18 1598 5 72
10 219 30 121 1323
11 11 784 137 761
12 10 1558 69 55
13 24 1029 59 582
14 1564 45 38 45
15 59 25 1593 16
16 37 1589 37 30
17 3 915 16 66

> PAX3 16
0 203 515 216 411
1 112 880 464 167
2 1 2 1344 126
3 181 79 6 1344
4 9 1344 23 263
5 1344 2 19 2
6 13 1344 2 201
7 161 1 1344 0
8 3 836 508 6
9 197 414 127 606
10 512 228 138 467
11 1344 152 353 86
12 50 43 24 1344
13 83 138 52 1344
14 1344 66 108 215
15 390 326 363 266

> ZNF174 16
0 162 120 267 251
1 69 35 682 116
2 142 294 225 139
3 5 797 7 5
4 297 79 484 4
5 652 3 403 0
6 0 12 2 801
7 3 801 0 8
8 795 0 7 7
9 105 718 0 164
10 15 48 115 728
11 1 385 46 410
12 0 0 792 13
13 109 433 197 62
14 29 767 0 24
15 342 193 110 156

> ZNF611 14
0 43 215 83 107
1 94 122 131 101
2 17 120 104 207
3 260 58 118 12
4 3 2 440 3
5 2 8 413 25
6 7 428 7 6
7 53 20 168 207
8 4 432 9 3
9 4 6 2 436
10 2 425 6 15
11 5 417 6 20
12 115 159 95 79
13 60 149 120 119

> E2F1::HES7 20
0 298 328 1101 220
1 271 156 1128 146
2 24 1399 7 25
3 1098 18 301 41
4 0 1399 38 35
5 33 4 1399 4
6 8 307 0 1092
7 4 94 1399 12
8 64 972 342 427
9 172 993 144 89
10 460 143 638 158
11 484 94 240 581
12 160 339 158 742
13 118 442 957 16
14 40 90 1399 51
15 0 1399 18 12
16 46 1 1399 0
17 9 1399 238 70
18 31 786 613 176
19 462 494 95 349

> E2F1::HES7 21
0 159 234 547 28
1 239 90 542 31
2 74 781 14 32
3 426 18 355 12
4 23 781 9 28
5 16 26 781 8
6 41 60 27 721
7 22 20 781 20
8 49 444 337 115
9 48 396 71 385
10 203 56 346 176
11 150 268 100 263
12 388 32 74 287
13 377 141 100 163
14 85 138 644 0
15 53 16 781 2
16 6 781 17 19
17 68 28 781 9
18 23 781 107 88
19 8 462 320 164
20 237 376 55 114

> MAFF_ZNF316_Mafb_NRL 16
0 22486 12779 13145 21519
1 25650 11776 13617 18886
2 40021 11115 17616 28405
3 69101 4762 11965 18035
4 71164 2876 4869 21384
5 64919 4699 4497 27359
6 49135 13628 15788 20788
7 4171 5300 1081 93117
8 1297 751 96574 739
9 6662 92017 790 1221
10 1286 771 279 97080
11 1478 585 94063 4550
12 96882 702 672 1130
13 3775 81197 8180 10132
14 27495 10607 22405 38832
15 17852 20134 9983 21960

> GCM1::ELF1 16
0 83 201 82 114
1 272 46 208 28
2 0 480 44 0
3 37 480 47 0
4 38 480 78 51
5 140 0 340 61
6 6 378 11 85
7 359 29 94 0
8 9 480 12 0
9 0 29 480 0
10 14 0 480 22
11 480 31 0 0
12 480 0 0 47
13 81 72 480 0
14 20 70 65 325
15 131 76 196 78

> ZBTB44 11
0 220 220 220 339
1 180 251 298 269
2 293 155 513 37
3 680 248 0 70
4 0 0 0 999
5 70 0 929 0
6 0 929 0 70
7 999 0 0 0
8 100 29 278 591
9 69 535 69 325
10 212 212 212 361

> PROX1 12
0 174 1503 543 1147
1 3367 17 94 46
2 3367 229 48 420
3 63 0 3367 1
4 3367 21 84 2
5 31 3367 0 36
6 15 2 3367 299
7 11 1692 8 1675
8 3 3367 12 18
9 4 3 128 3367
10 17 171 39 3367
11 2133 553 607 74

> Spz1 11
0 9 0 3 0
1 0 2 9 1
2 2 0 10 0
3 0 0 11 1
4 1 0 1 10
5 8 0 0 4
6 6 0 2 4
7 1 9 2 0
8 10 0 2 0
9 0 1 9 2
10 2 8 2 0

> ZNF816 18
0 360 173 317 203
1 426 148 308 171
2 421 177 340 115
3 155 61 284 553
4 31 4 1006 12
5 10 6 1033 4
6 7 6 1035 5
7 15 12 1020 6
8 1037 3 10 3
9 19 1015 13 6
10 786 143 89 35
11 47 85 111 810
12 38 27 949 39
13 136 612 53 252
14 404 210 174 265
15 246 106 508 193
16 149 90 732 82
17 126 126 683 118

> ZNF23 19
0 67 92 162 158
1 35 45 300 145
2 41 49 412 21
3 93 7 158 261
4 9 472 46 21
5 11 3 479 5
6 7 435 98 61
7 2 0 478 0
8 7 1 482 4
9 71 342 66 2
10 41 469 69 0
11 480 0 30 5
12 0 22 31 472
13 0 0 472 18
14 7 0 478 3
15 56 7 338 95
16 62 122 50 245
17 9 8 472 4
18 167 129 30 154

> ETV2::SREBF2 16
0 202 158 161 9
1 79 37 19 363
2 53 310 334 7
3 250 6 113 22
4 5 363 141 13
5 24 6 363 1
6 13 46 9 363
7 3 0 363 0
8 363 15 32 16
9 0 363 0 25
10 7 1 363 2
11 3 1 363 33
12 363 0 19 17
13 332 45 18 31
14 198 71 363 35
15 30 116 45 172

> ZNF112 19
0 33 78 35 248
1 3 368 3 20
2 11 169 3 211
3 150 29 201 14
4 9 9 9 367
5 30 1 359 4
6 1 1 388 4
7 1 2 1 390
8 8 0 386 0
9 1 1 6 386
10 387 4 3 0
11 393 0 0 1
12 380 5 5 4
13 3 33 8 350
14 328 11 36 19
15 4 281 8 101
16 13 27 3 351
17 6 306 17 65
18 26 303 3 62

> Rhox11 17
0 54 13 15 18
1 33 28 23 17
2 17 11 38 33
3 30 28 23 19
4 13 56 6 25
5 3 1 95 1
6 9 76 15 0
7 1 0 1 99
8 4 0 94 2
9 1 1 0 99
10 56 0 0 43
11 78 4 3 15
12 52 10 1 36
13 31 11 33 24
14 24 36 28 12
15 31 16 43 10
16 41 13 10 35

> ZNF98 21
0 633 43 167 157
1 374 1 613 12
2 141 12 597 250
3 685 240 74 1
4 229 722 32 17
5 981 1 17 1
6 799 105 95 1
7 198 385 276 141
8 820 27 53 100
9 898 17 84 1
10 996 1 1 1
11 986 12 1 1
12 784 1 146 69
13 100 1 898 1
14 136 27 763 74
15 317 514 48 120
16 644 126 84 146
17 437 198 214 152
18 333 100 167 400
19 317 177 323 183
20 286 157 229 328

> ZNF350_HOXA9_HOXC10_HOXD11_HOXB9_HOXC9_HOXC13_Hoxa11_HOXC11_HOXD12_HOXC12_HOXD10 16
0 214 251 244 836
1 9532 1811 2447 3104
2 8407 2183 17907 2222
3 11896 7292 48119 154
4 424 1475 353 51394
5 1068 51080 119 922
6 12586 69 49571 66
7 85 115 194 51531
8 47067 178 153 9654
9 51557 120 58 406
10 51585 1127 369 1259
11 50270 5873 3749 8665
12 15026 14224 7077 15307
13 497 196 1060 496
14 451 370 413 311
15 450 663 195 237

> ZFP28 20
0 208 77 498 236
1 413 47 396 163
2 198 135 64 622
3 63 34 40 882
4 126 71 75 747
5 9 8 3 999
6 5 938 7 69
7 38 107 6 868
8 797 27 148 47
9 7 41 5 966
10 14 40 10 955
11 5 3 4 1007
12 5 952 4 58
13 109 104 11 795
14 33 21 4 961
15 22 855 8 134
16 110 67 26 816
17 111 47 217 644
18 192 48 629 150
19 458 49 184 328

> ZNF485 15
0 606 149 203 372
1 517 207 229 377
2 180 230 139 781
3 738 26 458 108
4 37 19 1249 25
5 991 11 287 41
6 22 16 1249 43
7 1253 13 39 25
8 258 76 62 934
9 1247 10 30 43
10 33 24 21 1252
11 1160 51 40 79
12 122 772 89 347
13 433 295 375 227
14 418 99 566 247

> ZFP41 15
0 1991 3137 2698 3099
1 164 13 10825 0
2 1180 9715 367 939
3 319 1030 547 10277
4 10383 1253 61 404
5 10923 2 0 1
6 0 10924 0 3
7 13 183 0 10800
8 0 10923 3 0
9 0 11 6 10914
10 0 10922 3 5
11 222 10922 3 2
12 3534 884 6976 269
13 622 8929 584 3264
14 4933 2620 3738 2131

> ZNF410 17
0 661 700 950 1677
1 1715 1872 399 2
2 1 3641 0 370
3 3985 2 1 4
4 50 33 124 3827
5 69 3949 1 4
6 12 3986 0 0
7 0 3986 1 0
8 3985 5 1 2
9 0 9 0 3987
10 3987 8 0 0
11 3983 2 3 1
12 4 6 0 3984
13 3930 17 43 24
14 1069 1285 619 1015
15 172 818 788 2274
16 798 2628 93 520

> ZNF282 17
0 21 196 50 45
1 39 21 7 378
2 16 0 8 387
3 3 2 3 380
4 0 209 2 0
5 0 208 0 1
6 0 205 3 2
7 140 99 0 21
8 12 132 2 126
9 256 3 37 61
10 277 0 0 2
11 2 210 4 3
12 242 44 2 7
13 1 210 2 2
14 14 0 297 129
15 157 40 60 43
16 44 98 97 51

> ELK1::FOXI1 16
0 512 0 531 10
1 116 793 251 0
2 0 1043 0 7
3 0 0 1043 23
4 176 0 1043 0
5 1043 4 0 36
6 1043 0 4 35
7 14 252 741 36
8 183 607 860 18
9 304 5 17 739
10 672 371 0 9
11 1043 32 22 0
12 1043 13 528 0
13 0 1043 0 170
14 1043 18 1 211
15 251 2 340 450

> ELK1::ONECUT2 18
0 468 92 272 78
1 126 610 118 9
2 44 776 26 4
3 0 2 785 5
4 4 11 785 9
5 773 4 5 25
6 781 4 7 37
7 20 448 335 9
8 94 439 134 117
9 71 25 769 27
10 589 35 174 30
11 33 15 20 785
12 29 781 33 25
13 164 38 733 43
14 769 15 64 55
15 91 31 20 760
16 560 183 249 134
17 240 278 144 122

> PLAG1 14
0 0 0 18 0
1 3 0 14 1
2 0 0 18 0
3 0 0 17 1
4 0 14 4 0
5 0 15 1 2
6 4 10 1 3
7 12 0 0 6
8 11 5 2 0
9 2 0 14 2
10 0 0 18 0
11 0 0 18 0
12 0 0 16 2
13 2 0 16 0

> ZNF24 13
0 2055 17056 1345 2848
1 18028 1816 1967 1493
2 958 2102 739 19505
3 432 544 461 21867
4 326 22137 118 723
5 22437 219 501 147
6 97 887 128 22192
7 182 330 182 22610
8 354 22068 93 789
9 22034 402 589 279
10 1010 2062 811 19421
11 985 2128 1045 19146
12 2062 17701 856 2685

> GCM1::SOX2 17
0 481 16 155 1
1 2 8 15 636
2 203 1 433 3
3 7 540 97 103
4 14 10 636 13
5 0 8 636 0
6 0 0 636 12
7 86 245 26 279
8 197 175 216 48
9 34 408 15 179
10 636 18 5 24
11 15 29 49 636
12 2 0 34 636
13 13 21 636 1
14 0 5 6 636
15 59 150 202 434
16 95 343 83 293

> ETV2::ONECUT2_ETV2::ONECUT2_HOXB2::ELK1_HOXD12::ELK3_ETV2::HOXB13_ELK1::FOXI1_ETV2::FOXI1_FLI1::DRGX_ETV5::HOXA2_ETV2::DRGX_ETV5::DRGX_ELK1::HOXA1_HOXB2::ELK1_HOXD12::ELK1_HOXD12::ETV1_HOXD12::ETV4_FLI1::HOXB13_ELK1::HOXB13_HOXB13::ELK1_ERF::HOXB13_ETV2::FOXI1_FOXO1::ELK1_FLI1::FOXI1_ETV2::FOXO6_SPDEF_ETV7_ELF2_ELF4_ETV6_FLI1_ETS1_ERF_ETV3_ETV4_ELK1_ETV5_FEV_ELK4_ELK3_ETV2_ETS2_ERF::TBX21_ETV2::EOMES_SPIC_IKZF1_ETV5::FOXI1_ETV5::FOXO1_ETV2::FOXI1_FOXJ2::ELF1_ERF::FOXI1_FLI1::FOXI1_ERF::FOXO1_FOXO1::FLI1_FOXO1::ELF1_FOXO1::ELK1_FOXO1::ELK3_ELK1::EOMES_ZNF45_ZNF75A_ZNF716_Elf5_SPIB_Spi1_ZBTB7A_ELF3_Lyl1_EHF_Ikzf3_ELF1_ETV1_GABPA_Erg 25
0 857 208 508 117
1 2215 431 982 635
2 1266 101 740 2511
3 434 2033 520 3679
4 48341 21414 36026 40122
5 70171 37498 60899 34378
6 225925 67616 105951 78457
7 341221 103869 120295 120733
8 533141 150084 170555 105117
9 95058 594782 196538 23544
10 427038 420651 26665 10729
11 8994 3750 830237 5183
12 7986 5109 828383 8011
13 828793 8291 6923 5391
14 785571 11140 9000 79133
15 133123 40447 725203 8551
16 58215 101621 44829 677448
17 194193 134811 419412 131478
18 148761 90508 241792 89311
19 136122 97471 113579 145277
20 121516 39920 51406 67037
21 62252 3480 4666 3718
22 47328 9845 2709 5483
23 28330 12027 6541 9186
24 1231 1354 1680 1936

> ZNF684 18
0 524 168 362 206
1 82 403 314 721
2 1238 24 68 19
3 9 1253 9 19
4 1184 11 110 131
5 60 216 1135 74
6 9 14 59 1259
7 13 1236 25 10
8 40 1221 2 67
9 1012 9 57 220
10 3 1226 63 61
11 44 1253 10 6
12 7 1229 7 92
13 0 1263 0 3
14 249 129 18 1107
15 56 59 14 1224
16 216 168 514 619
17 606 201 326 127

> CUX1::HOXA13 17
0 556 0 6 48
1 0 0 0 556
2 10 556 0 57
3 52 32 505 2
4 556 0 0 9
5 7 0 19 556
6 20 245 6 285
7 487 26 15 28
8 35 245 44 232
9 29 290 221 16
10 22 275 39 281
11 163 556 108 171
12 305 17 251 10
13 1 15 16 556
14 556 261 35 125
15 556 41 16 63
16 556 4 20 32

> E2F3::ONECUT2 18
0 1424 463 732 1300
1 1113 356 1431 1018
2 467 1776 2142 610
3 0 269 3918 2
4 19 3918 23 22
5 0 11 3918 13
6 2 3918 132 27
7 902 2099 1820 428
8 1402 1352 376 788
9 1143 392 777 1606
10 839 77 56 2946
11 3918 20 22 40
12 50 35 9 3918
13 106 3918 157 1842
14 26 51 3918 28
15 3918 16 43 0
16 253 1468 225 2450
17 563 1058 671 1627

> ZKSCAN8_ZNF664 29
0 109 523 114 230
1 169 212 134 461
2 167 38 523 248
3 36 6 916 18
4 28 528 14 406
5 954 4 9 9
6 57 283 15 621
7 822 22 99 33
8 906 1981 472 4935
9 7254 210 329 501
10 1208 312 6479 295
11 215 739 123 7217
12 7874 92 111 217
13 1947 239 5631 477
14 1805 508 5038 943
15 359 629 103 7203
16 727 172 7115 280
17 171 7310 85 728
18 209 207 31 7847
19 322 7169 162 641
20 7969 148 111 66
21 5674 329 1677 614
22 192 453 395 7254
23 6840 130 415 909
24 7070 121 38 89
25 6690 49 401 178
26 1051 1525 493 4249
27 3285 562 2422 1049
28 1132 1495 1180 3511

> ZNF213 15
0 493 285 141 81
1 149 1 849 1
2 961 1 37 1
3 653 321 25 1
4 361 509 125 5
5 49 229 325 397
6 85 681 109 125
7 569 49 369 13
8 1 1 997 1
9 1 33 941 25
10 25 965 1 9
11 137 41 689 133
12 45 161 769 25
13 205 681 113 1
14 57 13 921 9

> ZNF566 18
0 3 16 978 3
1 16 978 3 3
2 66 92 573 269
3 3 193 699 104
4 231 396 307 66
5 927 16 41 16
6 573 294 130 3
7 408 28 547 16
8 206 16 737 41
9 16 16 953 16
10 915 66 16 3
11 193 66 649 92
12 3 269 611 117
13 16 940 41 3
14 231 142 522 104
15 142 92 725 41
16 206 206 560 28
17 130 294 459 117

> ZNF787 15
0 103 87 89 492
1 100 70 515 76
2 130 548 13 0
3 3 575 8 0
4 0 7 3 585
5 0 589 7 0
6 488 70 74 36
7 164 0 575 25
8 8 57 5 585
9 21 24 100 555
10 23 21 94 563
11 338 246 37 13
12 22 571 42 35
13 72 535 59 24
14 82 357 116 190

> ZKSCAN3 20
0 38 26 86 60
1 47 22 71 70
2 12 38 93 67
3 23 149 17 21
4 17 152 15 26
5 36 115 38 21
6 188 2 19 1
7 6 1 201 2
8 0 5 203 2
9 5 183 4 18
10 2 6 2 200
11 197 3 8 2
12 3 6 188 13
13 36 168 4 2
14 0 193 1 16
15 1 192 2 15
16 136 24 16 34
17 28 68 63 51
18 56 46 57 51
19 46 57 55 52

> ZNF765 17
0 14 72 165 35
1 17 25 145 99
2 10 10 219 47
3 8 265 1 12
4 93 32 157 4
5 6 9 5 266
6 262 11 9 4
7 3 0 282 1
8 4 281 0 1
9 5 264 5 12
10 149 54 52 31
11 245 13 23 5
12 62 21 190 13
13 27 67 76 116
14 114 91 66 15
15 128 68 33 57
16 93 68 70 55

> ZNF528_ZFP42 22
0 84 380 66 86
1 471 871 492 534
2 476 851 627 414
3 934 436 712 286
4 551 362 1030 425
5 327 192 1677 172
6 194 80 1967 127
7 756 1244 284 84
8 1848 329 142 49
9 16 8 2311 33
10 159 1988 83 138
11 16 2331 8 13
12 2332 9 20 7
13 19 60 18 2271
14 107 765 175 1321
15 87 198 116 1967
16 49 637 40 1642
17 234 198 991 329
18 374 327 660 391
19 555 390 402 405
20 466 412 420 454
21 413 502 469 368

> Dmrtb1_Dmrt1_Sall4 14
0 4403 1924 21276 4033
1 13099 7158 2124 9255
2 6544 2106 1448 21538
3 30997 127 163 349
4 402 30277 343 614
5 29931 251 191 1263
6 26116 1021 928 3571
7 20238 365 571 10462
8 1247 436 29325 628
9 919 318 385 30014
10 19400 1912 3825 6499
11 10037 2178 6717 12704
12 4598 20767 2334 3937
13 1427 1252 314 1100

> Prdm15 15
0 638 486 560 553
1 624 329 920 364
2 252 325 1333 327
3 2011 60 135 31
4 2121 34 58 24
5 1942 47 200 48
6 1801 138 152 146
7 67 1941 101 128
8 222 1886 107 22
9 220 361 28 1628
10 19 7 2199 12
11 64 23 2126 24
12 1531 314 220 172
13 687 438 748 364
14 540 635 460 602

> BARHL1_BARHL2_SRY_FOXP3_FOXL1_FOXI1_FOXO4_FOXO6_FOXN3_FOXD1_FOXG1_Foxj2_Foxq1_Foxj3_Foxl2_FOXF2_FOXB1_FOXC1_FOXK1_FOXS1_FOXC2_FOXP2_Foxf1_Foxo1_FOXA2_FOXK2_FOXP4_FOXA3_FOXP1_FOXA1_Foxo3_FOXD3_FOXD2_FOXE1_ZNF384_ZNF518A 19
0 86 22 13 85
1 120 17 52 22
2 17066 10471 11903 15093
3 15434 12526 8993 18008
4 44790 8990 8799 107152
5 469883 150762 208677 194580
6 422112 64821 153452 396701
7 210334 23689 790277 33690
8 72678 29162 15405 950734
9 983279 51727 12008 20474
10 957177 52938 15769 30045
11 1.01408e+06 11083 13982 22312
12 44309 785670 18155 219003
13 973620 18058 31447 36222
14 233849 143124 155139 412928
15 273873 180142 217642 243603
16 94927 70245 77020 105697
17 310 315 294 237
18 24 39 17 19

> ZFP14 15
0 137 13 832 16
1 118 0 876 3
2 994 3 0 0
3 0 0 994 3
4 86 220 691 0
5 233 545 172 48
6 354 351 64 230
7 134 675 93 96
8 223 207 182 386
9 121 0 755 121
10 7 0 991 0
11 978 0 19 0
12 596 89 309 3
13 150 268 246 335
14 39 58 803 99

> ZNF789_ZNF707 22
0 64 36 61 73
1 52 23 98 61
2 39 129 55 11
3 39 971 37 344
4 38 1287 33 33
5 58 1274 12 47
6 47 1259 9 76
7 1321 13 23 34
8 12 1318 16 45
9 17 44 5 1325
10 16 880 30 465
11 35 1258 28 70
12 22 112 7 1250
13 42 15 1267 67
14 205 73 1083 30
15 40 295 59 997
16 1082 146 52 111
17 135 1051 123 82
18 14 212 5 3
19 122 45 11 56
20 91 49 56 38
21 81 68 34 51

> ZNF449 14
0 1809 2716 1566 1569
1 2104 2320 1921 1315
2 4135 1759 1463 303
3 6239 582 224 615
4 108 92 7368 92
5 139 7088 322 111
6 64 7540 28 28
7 68 7479 54 59
8 6851 300 182 327
9 6620 96 829 115
10 184 7244 167 65
11 1143 5029 473 1015
12 2595 1875 1585 1605
13 1670 2195 2237 1558

> ZNF266 15
0 437 236 234 93
1 236 244 206 314
2 126 216 164 494
3 605 11 346 38
4 23 913 51 13
5 56 38 8 898
6 83 803 23 91
7 996 1 3 1
8 48 913 11 28
9 875 68 11 46
10 13 3 933 51
11 111 179 572 138
12 63 432 126 379
13 33 895 41 31
14 43 750 28 179

> ZFP91 14
0 550 272 1998 607
1 227 878 728 1594
2 278 2398 328 423
3 269 2251 176 731
4 41 3320 25 41
5 20 42 12 3353
6 15 18 18 3376
7 217 14 14 3182
8 3353 29 17 28
9 3349 19 28 31
10 1088 179 1998 162
11 1984 251 606 586
12 1385 602 975 465
13 1360 714 744 609

> ZNF28 15
0 34 64 876 26
1 134 430 243 193
2 380 184 255 180
3 122 64 514 301
4 155 168 647 30
5 239 222 155 384
6 1 18 939 43
7 22 5 959 14
8 1 1 993 5
9 5 1 993 1
10 14 55 1 930
11 1 1 997 1
12 1 739 151 109
13 14 905 22 59
14 151 693 43 114

> TBP_ZNF354A 21
0 385 304 60 250
1 277 114 60 547
2 736 87 6 168
3 682 141 33 141
4 446 286 347 308
5 238 241 159 748
6 926 87 279 95
7 117 124 35 1110
8 1198 6 119 63
9 1112 33 60 181
10 1150 90 80 66
11 417 35 239 695
12 269 77 1001 39
13 360 249 616 162
14 549 342 323 172
15 223 647 161 356
16 359 259 269 500
17 777 329 172 108
18 597 134 308 348
19 195 195 168 439
20 114 33 60 790

> ZNF846 12
0 41 66 78 39
1 26 88 79 31
2 9 22 31 162
3 1 210 7 6
4 2 212 6 4
5 1 209 9 5
6 5 9 209 1
7 4 6 212 2
8 6 7 210 1
9 162 31 22 9
10 31 79 88 26
11 39 78 66 41

> Arid3a 6
0 27 0 0 0
1 0 0 0 27
2 1 9 0 17
3 27 0 0 0
4 27 0 0 0
5 20 0 1 6

> ZBTB22 17
0 1550 1525 495 2864
1 236 22 2330 4105
2 9 6435 3 0
3 6435 43 17 3
4 5 6435 0 20
5 2873 1599 514 6435
6 6435 16 9 24
7 47 2622 516 3251
8 2484 848 835 2268
9 3193 548 2666 28
10 49 25 13 6435
11 6435 480 1634 2748
12 5 0 6435 10
13 6 0 65 6435
14 13 0 6435 0
15 4077 2358 16 207
16 2782 464 1539 1650

> ZNF580 18
0 30 106 43 7
1 17 112 1 0
2 0 35 3 121
3 121 24 0 14
4 10 121 1 1
5 6 121 4 2
6 12 113 4 6
7 26 44 3 101
8 18 61 10 34
9 43 18 30 29
10 39 99 27 6
11 5 119 4 6
12 4 21 4 123
13 121 28 6 7
14 6 120 0 2
15 6 120 2 1
16 16 110 8 18
17 17 48 4 67

> ZNF669_NR2F1_NR2F6_NR1H4::RXRA_NR4A2::RXRA 16
0 8511 1391 5829 1533
1 12721 405 5051 284
2 149 153 18090 550
3 211 78 17679 680
4 243 533 1299 16886
5 87 17588 323 1177
6 12904 153 5252 99
7 4622 4434 3997 5211
8 96 1068 177 17531
9 651 410 17838 75
10 17658 721 227 119
11 455 17752 17 280
12 391 17804 211 230
13 595 4776 537 12494
14 1522 6193 1540 9010
15 65 105 105 725

> Arid5a 14
0 18 43 23 17
1 16 32 3 48
2 85 3 7 5
3 96 0 1 2
4 6 0 1 93
5 93 1 1 6
6 2 1 1 96
7 4 9 4 83
8 23 3 52 22
9 34 35 18 12
10 29 13 27 31
11 57 8 19 16
12 29 18 26 27
13 34 23 15 27

> ZNF627 12
0 3 4 26 2
1 12 6 9 8
2 1 5 0 29
3 0 33 0 2
4 0 0 0 35
5 0 34 1 0
6 33 0 1 1
7 35 0 0 0
8 5 26 3 1
9 25 6 1 3
10 15 4 8 8
11 10 8 6 11

> Zfp456_REST 21
0 235 201 394 867
1 81 303 174 1145
2 104 1393 70 136
3 1529 35 106 38
4 36 44 1620 10
5 126 979 423 183
6 1674 12 13 13
7 3 1692 12 5
8 37 1584 21 70
9 914 290 163 344
10 222 380 129 979
11 39 9 1655 7
12 49 75 1579 7
13 1446 134 44 85
14 23 1321 259 103
15 1612 35 32 27
16 42 13 1530 9
17 205 1007 183 198
18 366 31 688 507
19 213 933 319 125
20 179 1114 37 260

> Prdm5 15
0 132 362 95 151
1 105 162 177 296
2 36 60 580 64
3 59 86 50 545
4 18 43 37 642
5 20 677 13 30
6 39 31 20 650
7 16 677 30 17
8 22 685 18 15
9 575 81 40 44
10 18 59 128 535
11 43 518 86 93
12 88 145 67 440
13 157 208 205 170
14 144 230 211 155

> ZNF667 12
0 13 65 276 644
1 13 65 118 802
2 855 13 65 65
3 539 223 65 171
4 276 13 697 13
5 802 13 171 13
6 13 13 907 65
7 13 960 13 13
8 171 118 13 697
9 13 960 13 13
10 855 118 13 13
11 276 223 434 65

> ZNF182 12
0 896 1 102 1
1 997 1 1 1
2 997 1 1 1
3 799 74 94 33
4 669 236 1 94
5 329 616 21 33
6 859 94 33 13
7 803 1 62 135
8 965 9 25 1
9 738 50 187 25
10 475 1 523 1
11 175 195 616 13

> ZBTB32 10
0 882 764 65 1849
1 356 3 3057 156
2 5 1 3 3563
3 3560 5 0 0
4 0 3560 1 0
5 3556 3 4 8
6 0 3 3562 6
7 0 4 0 3558
8 2390 109 723 339
9 1559 213 215 1574

> ZNF660 18
0 7679 3303 3528 1193
1 4664 4794 742 8773
2 0 24 0 15700
3 39 0 15692 0
4 15300 578 28 146
5 3 24 0 15685
6 3695 1248 4840 5920
7 5761 4151 4132 1659
8 183 13769 524 4801
9 31 15611 36 131
10 73 15697 11 12
11 15003 1322 1483 870
12 3496 8693 1883 5655
13 2073 13506 1062 3197
14 28 14847 7 2723
15 877 783 774 15179
16 9803 1930 4496 1962
17 2529 6563 1751 4861

> ZFP69B_Zfp809_ZNF736_ZNF786_Hand1_Hand1::Tcf3_SMAD2 13
0 6652 7786 7906 6167
1 5489 8214 9300 9266
2 1059 27243 2215 2752
3 695 30087 2020 468
4 189 30482 2195 403
5 28339 2112 2428 391
6 305 1382 31209 372
7 6071 13668 13024 506
8 375 31696 663 535
9 6985 11196 9965 5124
10 5973 10647 10190 6430
11 164 360 347 191
12 232 297 289 244

> ZNF675 21
0 400 101 377 121
1 142 39 651 167
2 89 34 797 78
3 390 260 247 101
4 185 361 132 320
5 139 338 94 427
6 441 244 174 139
7 313 18 646 21
8 41 9 934 14
9 694 21 233 50
10 34 7 843 114
11 30 5 856 107
12 589 304 78 27
13 110 655 34 199
14 781 82 32 103
15 676 107 171 43
16 993 2 2 0
17 991 5 2 0
18 30 224 46 699
19 37 5 936 21
20 265 87 217 429

> Nr2e3_Foxn1 8
0 1464 0 2558 1213
1 4 12 5237 5
2 5258 0 0 0
3 2310 2948 0 0
4 0 1 5257 0
5 0 5258 0 0
6 0 0 0 23
7 0 0 0 23

> ZNF540_HNF4A_HNF4G 13
0 13897 9924 19475 21452
1 13450 20103 13115 18080
2 1923 57931 1657 3237
3 60352 1706 1519 1171
4 55942 1877 5191 1738
5 60227 738 2666 1117
6 924 1245 60765 1814
7 1204 922 3025 59597
8 3890 52737 2524 5597
9 1928 58852 869 3099
10 50723 3973 4239 5813
11 18583 13952 18341 13872
12 21091 12788 16376 14471

> ZNF574 15
0 206 252 362 178
1 96 25 617 259
2 32 408 539 18
3 68 876 54 0
4 43 231 18 706
5 997 0 0 0
6 0 4 993 0
7 983 7 7 0
8 57 11 929 0
9 302 511 128 57
10 18 15 965 0
11 57 117 688 135
12 121 802 11 64
13 89 557 224 128
14 121 490 323 64

> ZNF778 18
0 213 301 177 309
1 226 129 318 327
2 63 146 622 169
3 160 32 472 336
4 314 428 169 89
5 10 878 1 111
6 186 781 10 23
7 23 565 14 398
8 6 129 85 781
9 138 710 124 28
10 221 252 345 182
11 76 1 94 829
12 1 6 970 23
13 36 931 1 32
14 76 45 36 843
15 50 402 494 54
16 182 274 124 420
17 116 270 340 274

> Thap11 14
0 588 38 20 14
1 20 603 18 19
2 5 39 6 610
3 627 17 10 6
4 4 639 9 8
5 609 13 29 9
6 414 46 56 144
7 70 209 165 216
8 18 20 19 603
9 5 631 2 22
10 8 642 5 5
11 9 622 10 19
12 475 16 147 22
13 74 68 421 97

> ZNF529 24
0 19 348 11 90
1 5 330 6 127
2 11 440 7 10
3 26 38 5 399
4 6 6 15 441
5 6 314 8 140
6 408 15 38 7
7 4 278 1 185
8 6 446 13 3
9 2 464 0 2
10 421 16 10 21
11 2 9 447 10
12 1 287 4 176
13 10 66 5 387
14 8 53 3 404
15 2 422 40 4
16 2 457 1 8
17 8 447 0 13
18 71 392 2 3
19 22 316 2 128
20 358 14 36 60
21 268 63 90 47
22 60 30 57 321
23 54 15 354 45

> ZNF329 24
0 90 501 101 161
1 246 262 134 211
2 22 664 112 55
3 5 840 0 8
4 10 39 0 804
5 85 3 680 85
6 19 5 824 5
7 826 4 13 10
8 19 11 30 793
9 41 754 24 34
10 210 572 19 52
11 793 26 17 17
12 119 29 687 18
13 6 818 17 12
14 30 514 9 300
15 491 51 241 70
16 43 94 60 656
17 303 24 422 104
18 6 832 5 10
19 3 843 1 6
20 5 3 5 840
21 14 0 836 3
22 770 58 17 8
23 762 23 32 36

> THRB 19
0 1010 624 1640 837
1 26 618 15 4111
2 252 642 4111 230
3 4111 351 432 1787
4 29 4111 2 0
5 1 4111 2 8
6 0 1178 77 4111
7 286 1512 872 1441
8 2454 241 1353 63
9 1060 1033 939 1079
10 63 1266 312 2470
11 1469 904 1488 251
12 4111 106 1233 2
13 0 3 4111 0
14 0 0 4111 30
15 1688 470 303 4111
16 199 4111 686 291
17 4111 5 629 5
18 835 1649 610 1017

> Znf431 20
0 36 204 122 153
1 89 154 156 116
2 191 90 185 49
3 87 63 25 340
4 43 133 246 93
5 4 489 0 22
6 12 496 5 2
7 0 10 1 504
8 22 5 487 1
9 2 2 20 491
10 0 507 5 3
11 13 6 0 496
12 1 1 5 508
13 491 2 18 4
14 8 0 506 1
15 5 2 506 2
16 45 46 14 410
17 36 143 10 326
18 76 31 330 78
19 76 62 305 72

> MTF1 14
0 1 0 4 50
1 3 5 10 40
2 1 1 0 53
3 2 1 66 0
4 1 71 0 0
5 53 0 1 1
6 2 69 2 0
7 52 3 1 1
8 0 67 0 0
9 1 0 70 1
10 9 2 42 10
11 0 63 0 8
12 46 10 7 2
13 2 62 1 3

> Tfcp2l1 14
0 8 3768 255 40
1 285 3304 22 465
2 2437 21 1117 507
3 24 98 3949 12
4 710 1380 103 1890
5 402 1183 253 2246
6 707 1630 616 1134
7 1462 922 1026 681
8 2585 286 780 441
9 1612 212 1263 1003
10 16 3811 223 34
11 253 3324 12 491
12 2199 30 1232 612
13 49 118 3881 17

> PITX1::TBX21_MYBL1::TBX21_HOXB2::TBX21_HOXB2::TBX3_MGA::EVX1_ALX4::TBX21_MGA::DLX2_MGA::DLX3_TBX4_TBX5_MGA_TBX15_TBX1_Tbx6_EOMES_ZNF18_TBX18_TBR1_TBX20_TBX2_TBX21_TBX3_SREBF1_SREBF2_HOXC10::TBX21_CUX1::TBX21 22
0 74 1 61 686
1 27 0 0 686
2 714 373 520 1820
3 2062 44 82 50
4 357 252 345 2278
5 16952 8646 14571 12038
6 199610 5960 45016 19481
7 28690 18082 212187 15003
8 695 2433 216397 1416
9 787 17268 2087 216290
10 456 341 216800 393
11 22867 30593 5477 185016
12 16002 18107 167377 87162
13 215097 1678 8406 3572
14 122743 13074 7449 11923
15 45413 28416 25391 76032
16 22111 11742 27197 48517
17 30311 9422 37927 19606
18 475 20 152 4752
19 1858 144 2349 1741
20 24 4 0 398
21 407 0 8 12

> Gmeb1 17
0 17 26 35 22
1 34 31 15 20
2 11 23 35 31
3 13 22 29 36
4 13 7 40 40
5 5 4 33 59
6 71 1 28 0
7 0 99 0 1
8 1 0 99 0
9 0 28 1 71
10 59 33 4 5
11 40 40 7 13
12 21 23 37 19
13 44 15 18 24
14 18 26 23 33
15 27 21 31 20
16 24 25 27 24

> MEIS1::EVX1 16
0 159 30 0 1015
1 0 47 1015 25
2 1015 26 7 198
3 7 1015 34 39
4 1015 23 120 78
5 58 40 229 687
6 81 657 233 43
7 12 27 19 957
8 858 62 75 19
9 912 56 17 30
10 222 89 67 1015
11 347 1015 191 199
12 1015 50 218 50
13 118 14 53 1015
14 40 5 99 1015
15 1015 69 46 58

> ZNF274 16
0 7978 7294 8315 7598
1 10812 4819 17492 3308
2 1041 9979 2362 26041
3 16867 23 13540 2655
4 139 300 4331 29357
5 11 5 31185 0
6 30115 19 1445 1242
7 1770 2889 29909 164
8 71 20 104 31153
9 114 13338 0 27470
10 15 31181 6 8
11 0 0 0 31180
12 5 29919 0 2991
13 8629 907 20538 5406
14 4050 15335 6974 12410
15 7599 5479 8877 9231

> ZNF681 14
0 21 16 31 10
1 12 28 19 19
2 10 53 6 9
3 73 3 2 0
4 75 1 1 1
5 0 0 77 1
6 3 0 75 0
7 75 0 3 0
8 3 21 5 49
9 0 0 77 1
10 12 23 32 11
11 19 19 27 13
12 4 14 50 10
13 33 8 29 8

> ZSCAN23 19
0 223 330 311 254
1 91 323 101 670
2 49 983 54 95
3 1118 39 50 29
4 7 0 127 1100
5 34 27 1062 0
6 0 1 1 1118
7 0 0 1119 1
8 33 1100 0 0
9 0 0 0 1119
10 1118 14 0 2
11 1102 0 16 0
12 0 78 0 1057
13 14 5 3 1119
14 1085 20 28 0
15 1 1114 0 11
16 919 88 178 27
17 683 246 176 117
18 614 158 174 173

> ZSCAN31 19
0 1041 108 6160 1529
1 51 6741 152 1353
2 6693 1563 12 4
3 3 1 0 7148
4 6722 2 1 1660
5 7143 6 70 0
6 38 6451 3 3376
7 42 11 960 6181
8 11 80 7077 90
9 9 7141 9 22
10 51 7066 14 291
11 28 7073 122 69
12 37 438 26 6989
13 22 0 7143 10
14 28 7114 3 120
15 1811 173 4197 2569
16 1651 1112 3084 3109
17 640 6344 457 990
18 1676 2963 1232 1278

> ZBTB43 20
0 2085 1001 810 1164
1 116 40 5059 105
2 5 10 0 5059
3 0 0 5059 0
4 0 5059 10 29
5 8 5059 1 0
6 2502 1121 306 1130
7 1078 1570 249 2162
8 2292 937 771 1059
9 1642 1095 966 1357
10 1613 1085 818 1543
11 1322 931 1628 1178
12 1284 976 1818 981
13 469 3296 154 1764
14 5059 169 10 181
15 12 3 5059 4
16 0 5059 28 1153
17 5059 8 37 0
18 66 5059 53 129
19 774 851 931 2504

> ZNF787 20
0 631 46 1170 110
1 1801 45 15 27
2 1 7 19 1801
3 163 15 1801 63
4 12 1801 2 10
5 1530 272 31 57
6 227 973 329 272
7 350 555 449 447
8 483 376 394 547
9 546 386 398 471
10 441 567 383 410
11 369 683 475 274
12 355 480 672 294
13 286 83 260 1801
14 196 16 1801 72
15 4 1801 0 0
16 11 1801 2 6
17 7 11 4 1801
18 4 1801 8 160
19 762 359 1039 262

> SRF 16
0 214 125 80 1129
1 75 152 1144 372
2 627 611 144 167
3 0 1771 15 0
4 3 1787 11 19
5 1137 13 18 61
6 54 0 6 1571
7 1163 0 2 0
8 1 5 8 1610
9 1162 0 0 16
10 439 12 0 1074
11 8 9 1896 0
12 8 2 1872 7
13 262 105 670 686
14 337 1023 145 72
15 913 63 98 248

> ZNF317_ZNF490_Zfp985_Zic2_Zic3_ZNF462_Zic1::Zic2 15
0 3145 3507 2761 2506
1 5409 2956 5806 9211
2 15463 32233 16704 7143
3 31818 13297 14507 11921
4 928 68514 1068 1033
5 65907 2019 1877 1740
6 1624 1415 67787 717
7 1052 66878 1462 2151
8 63095 1596 3811 3041
9 1634 1922 62255 5732
10 16666 1722 50891 2264
11 22392 14798 17480 16873
12 19387 12176 27206 12774
13 10110 9683 16932 8149
14 5165 8967 7128 6102

> BBX_BCL11B 19
0 4 6 848 6
1 0 0 2 848
2 7 3 848 0
3 0 1 2 848
4 848 0 9 0
5 256 0 757 1349
6 121 371 1515 203
7 1582 206 209 283
8 1200 166 227 623
9 177 1688 162 374
10 833 257 701 403
11 393 613 904 282
12 195 1208 125 668
13 70 113 2193 16
14 368 28 3 1825
15 21 6 33 2193
16 28 2193 2 28
17 2193 55 14 86
18 0 848 1 0

> ZSCAN29_Smad4_SMAD3_SMAD5 12
0 1388 4721 548 4501
1 74 32 9392 23
2 528 278 806 9884
3 54 10408 50 11
4 1 724 616 9959
5 10404 577 156 12
6 25 881 9415 164
7 10062 681 375 337
8 42 10376 39 56
9 9301 1505 1358 2429
10 127 40 786 44
11 199 294 326 179

> ZNF184 21
0 242 305 315 138
1 253 221 346 180
2 294 169 398 138
3 357 169 305 169
4 326 55 357 263
5 398 138 253 211
6 357 305 284 55
7 221 346 107 326
8 34 3 326 638
9 659 107 169 65
10 107 3 888 3
11 992 3 3 3
12 971 3 23 3
13 794 3 190 13
14 44 13 909 34
15 305 34 419 242
16 169 242 273 315
17 23 44 763 169
18 367 617 3 13
19 690 44 221 44
20 65 117 169 648

> ZNF214 15
0 400 210 289 99
1 243 184 106 465
2 210 112 21 655
3 158 707 34 99
4 955 34 1 8
5 60 21 106 812
6 47 668 86 197
7 870 1 125 1
8 968 14 14 1
9 119 236 387 256
10 230 21 648 99
11 99 112 191 596
12 60 772 158 8
13 1 988 1 8
14 21 80 1 897

> Zfp58 24
0 15 5 82 91
1 5 69 15 104
2 0 52 2 139
3 5 8 5 175
4 57 8 118 10
5 0 3 2 188
6 2 1 185 5
7 4 1 2 186
8 2 187 0 4
9 179 5 1 8
10 158 3 27 5
11 5 85 98 5
12 3 26 3 161
13 8 1 5 179
14 4 0 188 1
15 187 3 1 2
16 4 185 0 4
17 186 1 5 1
18 10 110 9 64
19 177 4 9 3
20 144 3 45 1
21 117 13 58 5
22 103 71 5 14
23 18 97 6 72

> ZNF580 23
0 419 1302 536 1632
1 1789 237 1822 176
2 3 0 0 3888
3 1 0 0 3888
4 3888 0 0 1
5 0 58 0 3848
6 0 1 3889 0
7 0 0 125 3789
8 22 3 2 3878
9 3559 261 31 236
10 3888 0 2 0
11 3862 0 23 11
12 469 20 45 3364
13 1872 45 230 1824
14 2284 180 981 443
15 273 720 59 2988
16 87 0 0 3820
17 3888 0 2 1
18 0 3835 0 98
19 0 3888 0 0
20 1102 1158 491 1138
21 449 870 234 2572
22 1161 647 956 1124

> ZNF701 21
0 26 14 955 2
1 943 2 50 2
2 26 26 943 2
3 300 610 86 2
4 836 14 133 14
5 50 514 252 181
6 86 502 145 264
7 443 157 193 205
8 443 122 217 217
9 431 98 383 86
10 74 2 895 26
11 14 2 979 2
12 14 50 919 14
13 181 2 752 62
14 110 2 872 14
15 431 86 455 26
16 693 50 145 110
17 348 157 276 217
18 276 145 312 264
19 241 98 372 288
20 205 193 395 205

> ZNF418 15
0 487 295 161 54
1 397 12 359 231
2 60 6 910 22
3 616 92 44 247
4 268 6 717 6
5 65 6 899 28
6 33 947 17 1
7 38 231 6 723
8 840 28 86 44
9 733 167 54 44
10 990 1 6 1
11 905 1 81 12
12 151 6 803 38
13 6 947 1 44
14 963 17 1 17

> ZNF433_ZNF502 24
0 220 8 753 20
1 98 741 50 111
2 171 165 14 650
3 414 165 183 238
4 214 2 771 14
5 21 15 1883 81
6 1749 63 130 57
7 3 1840 33 124
8 93 889 69 948
9 594 220 905 281
10 249 683 571 497
11 622 93 189 1097
12 213 15 1697 75
13 81 1056 183 680
14 1464 45 465 27
15 465 3 1457 75
16 141 136 81 1640
17 1666 123 159 51
18 974 130 730 166
19 106 1327 106 460
20 292 432 8 268
21 402 280 50 268
22 341 238 250 171
23 189 250 220 341

> ZNF10 21
0 172 25 535 26
1 657 49 29 23
2 23 400 19 316
3 0 730 4 24
4 3 740 1 14
5 28 619 6 105
6 29 25 5 699
7 523 33 49 153
8 8 729 0 21
9 0 758 0 0
10 1 6 1 750
11 0 709 2 47
12 749 0 7 2
13 8 729 0 21
14 706 4 27 21
15 10 699 20 29
16 2 727 2 27
17 592 48 39 79
18 27 96 18 617
19 646 28 37 47
20 33 214 31 480

> ZSCAN5A 18
0 3916 5661 3580 2953
1 4000 6708 2703 8498
2 2792 1345 14535 4787
3 2334 1038 1979 15143
4 1670 15082 3772 190
5 747 15901 119 12
6 998 15475 421 1180
7 2380 9397 1850 5852
8 6699 13734 4003 2720
9 2289 15544 251 482
10 4463 13989 4541 3043
11 347 15897 17 430
12 15384 502 2638 255
13 16091 15 2 37
14 15058 348 3963 122
15 3536 1395 4818 6361
16 4688 10739 697 2897
17 2073 6934 2479 4624

> ZNF565 24
0 187 3 321 24
1 9 518 3 5
2 0 534 0 1
3 528 2 0 5
4 0 8 2 525
5 77 15 433 10
6 19 251 11 254
7 4 25 0 506
8 54 9 464 8
9 14 9 53 459
10 86 14 422 13
11 500 1 30 4
12 1 0 534 0
13 6 1 527 1
14 500 8 23 4
15 422 62 8 43
16 83 9 443 0
17 3 522 0 10
18 18 349 4 164
19 9 517 3 6
20 509 5 8 13
21 429 13 88 5
22 51 46 404 34
23 31 391 34 79

> ZNF768 18
0 75 318 127 477
1 174 351 183 290
2 206 234 375 183
3 85 622 192 99
4 99 253 164 482
5 94 342 206 356
6 370 117 360 150
7 211 477 267 43
8 29 767 61 141
9 43 655 178 122
10 33 38 10 917
11 1 949 29 19
12 5 5 43 945
13 1 987 10 1
14 1 1 10 987
15 1 24 973 1
16 281 47 365 304
17 108 15 585 290

> RREB1 20
0 3 8 0 0
1 1 10 0 0
2 3 8 0 0
3 0 11 0 0
4 7 4 0 0
5 9 2 0 0
6 8 3 0 0
7 4 6 0 1
8 0 11 0 0
9 11 0 0 0
10 4 7 0 0
11 1 10 0 0
12 3 8 0 0
13 4 6 1 0
14 2 9 0 0
15 4 5 0 2
16 4 5 1 1
17 4 6 0 1
18 1 7 3 0
19 4 4 2 1

> ZNF382 24
0 3566 119 342 225
1 620 120 2797 715
2 305 332 3518 97
3 1784 47 2131 290
4 276 41 3822 113
5 3587 246 307 112
6 155 2049 305 1743
7 4177 16 44 15
8 420 232 163 3437
9 93 2762 36 1361
10 4192 12 25 23
11 58 3882 170 142
12 600 1693 31 1928
13 4204 16 24 8
14 14 4073 39 126
15 1957 1446 91 758
16 558 43 3578 73
17 3943 62 167 80
18 122 1605 95 2430
19 915 2982 143 212
20 184 3607 61 400
21 360 2615 88 1189
22 3404 153 249 446
23 171 3415 143 523

> ZNF12 21
0 861 910 5135 317
1 28 0 5600 46
2 700 91 3642 1803
3 544 1625 3844 120
4 1806 3468 323 677
5 7 44 10 5610
6 2457 468 2821 379
7 6 3266 768 2190
8 138 78 43 5530
9 2 1394 0 5402
10 45 61 5610 20
11 1 0 0 5616
12 1 706 0 5562
13 4686 9 453 817
14 312 1899 5 3714
15 4540 2019 39 974
16 58 22 5385 705
17 93 5598 30 17
18 4834 397 1480 868
19 253 1342 922 3099
20 1993 1347 1219 1057

> ZNF582 21
0 25 36 34 198
1 26 174 24 69
2 30 33 18 212
3 31 57 161 44
4 6 11 4 272
5 4 4 7 278
6 248 40 1 4
7 10 270 1 12
8 7 13 7 266
9 2 1 1 289
10 4 1 282 6
11 3 285 1 4
12 262 14 5 12
13 8 10 265 10
14 5 283 2 3
15 6 213 1 73
16 127 61 59 46
17 244 12 23 14
18 233 15 29 16
19 137 51 26 79
20 57 18 191 27

> ZNF771 15
0 14577 8098 13847 15452
1 17714 348 31482 5221
2 471 51560 543 622
3 4170 1669 47381 3607
4 827 51450 26 66
5 221 647 29 51549
6 49792 223 4244 50
7 50933 2142 215 69
8 2 51958 65 58
9 6 51942 0 33
10 51629 223 698 28
11 278 16523 217 43966
12 106 1730 26 51364
13 17882 6670 25757 9686
14 10430 14457 11789 15298

> GATA1::TAL1 18
0 1114 2038 967 836
1 206 807 159 3783
2 318 0 0 4637
3 4955 0 0 0
4 0 0 0 4955
5 0 4955 0 0
6 2049 63 55 2788
7 658 1331 2214 752
8 963 1214 1244 1534
9 1191 1127 1520 1117
10 1778 1130 990 1057
11 1038 1237 1712 968
12 1352 1142 1466 995
13 1885 1033 820 1217
14 1381 1237 1884 453
15 110 4822 23 0
16 4659 0 0 296
17 160 890 3544 361

> ZNF573 21
0 204 590 77 128
1 803 16 133 47
2 57 47 839 57
3 214 489 128 169
4 311 595 52 42
5 560 220 72 148
6 372 113 265 250
7 113 1 885 1
8 1 1 996 1
9 164 697 1 138
10 768 230 1 1
11 1 951 22 27
12 966 22 6 6
13 270 687 42 1
14 387 250 154 209
15 326 539 108 27
16 763 133 57 47
17 265 47 499 189
18 52 199 605 143
19 519 148 214 118
20 103 250 458 189

> ZNF19 24
0 215 257 327 201
1 271 229 285 215
2 229 215 370 187
3 144 299 356 201
4 243 243 426 88
5 116 158 454 271
6 130 46 553 271
7 116 4 680 201
8 173 271 229 327
9 440 46 74 440
10 285 32 680 4
11 130 18 849 4
12 88 4 905 4
13 173 158 553 116
14 74 496 144 285
15 88 496 32 384
16 130 595 60 215
17 88 18 187 708
18 4 4 989 4
19 933 4 46 18
20 74 778 88 60
21 130 32 637 201
22 130 158 398 313
23 102 313 342 243

> ZNF436 24
0 116 2911 137 697
1 2112 395 777 577
2 82 3549 63 167
3 19 3104 47 691
4 190 73 158 3440
5 81 3696 28 56
6 64 3262 31 504
7 93 113 53 3602
8 82 3566 64 149
9 130 3445 15 271
10 3196 66 426 173
11 339 27 3163 332
12 69 11 3772 9
13 3329 304 197 31
14 3630 30 157 44
15 14 5 3835 7
16 117 2906 260 578
17 66 3619 25 151
18 97 1455 48 2261
19 151 352 227 3131
20 30 3621 31 179
21 108 3246 85 422
22 480 1744 305 1332
23 494 170 1203 1994

> ZNF79 15
0 295 223 438 45
1 759 80 152 9
2 902 9 80 9
3 688 45 259 9
4 330 45 188 438
5 259 45 330 366
6 830 152 9 9
7 866 80 45 9
8 152 45 9 795
9 259 580 80 80
10 80 188 9 723
11 45 795 152 9
12 9 9 152 830
13 973 9 9 9
14 938 9 9 45

> ZBTB26_ZSCAN20_ZBTB12_HSF4_HSF1_HSF2 18
0 470 327 449 381
1 401 392 409 425
2 333 483 379 432
3 2537 2411 2885 3698
4 2736 2229 2522 4044
5 4724 3991 3618 23142
6 1590 1491 1941 27893
7 401 30295 336 291
8 304 5913 4090 29950
9 17732 5191 18946 141
10 151 154 30447 281
11 30515 1066 220 1022
12 22383 1587 5174 4467
13 4633 12860 5152 8364
14 8434 7492 8427 6654
15 4884 4058 3739 19012
16 371 171 183 14709
17 190 14709 220 581

> ZNF704 12
0 7992 17554 5462 15945
1 17868 1643 29085 1204
2 107 46953 828 52
3 87 46953 67 38
4 68 92 46953 160
5 236 1350 46953 24
6 6 46953 1345 253
7 130 46953 104 55
8 41 75 46953 145
9 71 869 46953 84
10 1231 28988 1629 17965
11 16009 5356 17446 8142

> ZNF567 19
0 144 29 49 29
1 25 60 18 148
2 206 10 13 22
3 93 21 110 27
4 235 3 10 3
5 235 5 2 9
6 82 13 142 14
7 26 109 5 111
8 236 2 7 6
9 6 1 239 5
10 234 1 12 4
11 9 231 4 7
12 17 226 0 8
13 9 215 0 27
14 185 16 3 47
15 41 91 79 40
16 181 21 30 19
17 64 15 145 27
18 157 22 50 22

> ZNF774 19
0 14 10 6 8
1 5 16 12 5
2 34 1 2 1
3 3 2 33 0
4 2 3 4 29
5 1 0 36 1
6 1 0 37 0
7 35 0 3 0
8 1 37 0 0
9 0 38 0 0
10 31 7 0 0
11 0 38 0 0
12 35 2 0 1
13 32 3 1 2
14 0 3 35 0
15 3 33 1 1
16 5 20 0 13
17 13 7 14 4
18 14 7 10 7

> ZNF429 24
0 160 211 707 843
1 784 580 298 259
2 659 144 1027 91
3 110 580 1144 87
4 105 1548 34 234
5 1717 30 156 18
6 33 54 600 1234
7 1752 39 50 80
8 51 16 1798 56
9 60 79 1555 227
10 355 937 66 563
11 187 844 205 685
12 216 316 748 641
13 95 1736 29 61
14 1860 6 50 5
15 1527 10 372 12
16 76 66 29 1750
17 130 0 1787 4
18 48 14 1849 10
19 10 51 1832 28
20 36 1226 17 642
21 267 293 98 1263
22 206 769 756 190
23 805 532 181 403

> ZNF396 11
0 5190 6319 7400 67
1 18 386 15 18976
2 0 34 18976 1
3 140 61 0 18976
4 8579 10397 3 33
5 10 18976 30 0
6 39 17 18976 170
7 18976 83 919 1959
8 18976 14 4 681
9 18976 10 0 598
10 868 6161 7977 3970

> ZNF304 24
0 58 380 287 76
1 5 29 13 754
2 18 727 5 51
3 785 5 6 5
4 6 21 9 765
5 10 756 7 28
6 25 39 8 729
7 13 14 770 4
8 686 12 101 2
9 750 5 19 27
10 82 4 700 15
11 42 3 745 11
12 12 678 10 101
13 22 54 7 718
14 13 369 55 364
15 311 11 460 19
16 686 23 70 22
17 25 664 49 63
18 19 42 18 722
19 37 3 751 10
20 89 5 677 30
21 51 1 737 12
22 47 31 707 16
23 320 357 59 65

> ZNF430 24
0 203 12 12 3
1 27 1 155 47
2 14 35 176 5
3 24 153 33 20
4 46 174 10 0
5 42 1 12 175
6 9 180 6 35
7 191 0 39 0
8 3 173 41 13
9 221 6 0 3
10 229 0 1 0
11 0 0 0 230
12 0 224 0 6
13 229 1 0 0
14 0 0 0 230
15 4 57 166 3
16 3 1 226 0
17 63 144 1 22
18 215 1 13 1
19 10 2 158 60
20 154 2 72 2
21 164 0 56 10
22 60 0 160 10
23 37 37 152 4

> ZNF343 17
0 10105 24859 10803 2940
1 4185 37120 1986 9478
2 4153 151 47061 489
3 0 48708 0 8
4 19 27 0 48711
5 0 34 4 48706
6 0 48704 0 0
7 33687 21143 860 3644
8 596 46517 2241 2021
9 3426 40351 9030 6764
10 18171 3888 15622 11027
11 878 47833 237 4238
12 1177 394 48313 354
13 2191 1946 46961 1520
14 1464 34074 1258 13952
15 30490 16736 2040 3551
16 12611 14914 14645 6537

> ZNF177 23
0 1279 5258 3654 3518
1 213 807 357 13709
2 2203 8580 2005 5129
3 1368 30 13709 235
4 7445 8 6264 2
5 13 7 16 13709
6 4 13709 5 157
7 103 251 9615 4094
8 7190 3205 1642 1672
9 6782 370 5476 1080
10 3241 4247 4307 1913
11 1466 1296 7650 3297
12 932 1293 7755 3729
13 4089 4972 2228 2419
14 4691 3217 3903 1899
15 4259 5742 2498 1210
16 13709 169 2399 99
17 318 1490 13709 165
18 77 997 23 13709
19 6 13709 171 3
20 13709 6 16 225
21 3 74 25 13709
22 2392 677 5064 5576

> ZNF140 21
0 325 272 258 985
1 1140 173 341 186
2 279 38 1223 300
3 29 10 1788 13
4 1708 14 108 10
5 26 11 1787 16
6 10 875 36 919
7 522 6 1194 118
8 11 1 1812 16
9 1823 2 7 8
10 1816 9 12 3
11 8 87 27 1718
12 71 33 48 1688
13 19 10 1806 5
14 29 1606 22 183
15 221 128 69 1422
16 310 131 1241 158
17 338 159 1168 175
18 455 190 1005 190
19 234 290 248 1068
20 280 966 253 341

> NFYB_NFYA_NFYC 13
0 985 2663 1489 2317
1 1028 1635 1670 3121
2 8419 3011 12281 2184
3 6914 2323 13327 3331
4 371 24436 486 602
5 521 24843 180 351
6 24690 456 157 592
7 23753 697 914 531
8 529 563 263 24540
9 1031 16920 7230 714
10 19324 1825 4085 661
11 4195 6260 12483 2957
12 7036 4600 3495 3310

> ZNF134 20
0 349 298 731 279
1 322 268 722 345
2 116 1196 201 144
3 61 1408 105 83
4 203 225 150 1079
5 11 31 147 1468
6 9 1602 12 34
7 1442 91 77 47
8 706 860 45 46
9 3 1639 6 9
10 26 12 25 1594
11 47 18 1570 22
12 1378 196 53 30
13 9 27 15 1606
14 113 106 384 1054
15 1109 43 464 41
16 267 86 1200 104
17 550 143 704 260
18 285 282 329 761
19 350 376 682 249

> ZFP82 29
0 18 1 275 3
1 17 202 13 65
2 22 16 2 257
3 65 7 222 3
4 271 9 12 5
5 280 3 12 2
6 38 5 246 8
7 270 1 21 5
8 53 5 216 23
9 275 1 18 3
10 39 15 234 9
11 264 5 23 5
12 252 14 20 11
13 20 22 2 253
14 15 48 8 226
15 218 13 40 26
16 55 24 206 12
17 24 24 17 232
18 88 11 182 16
19 266 13 10 8
20 238 17 20 22
21 41 158 21 77
22 16 8 8 265
23 32 1 254 10
24 33 1 262 1
25 283 2 10 2
26 269 3 17 8
27 70 6 198 23
28 208 17 37 35

> ZSCAN16 19
0 26957 9213 10456 3664
1 43086 370 4733 2389
2 7390 4647 30730 7524
3 33 1139 26 49240
4 4 0 50282 7
5 3 4 0 50287
6 2 17 0 50276
7 47911 0 2806 22
8 50207 6 2 141
9 7 50286 0 4
10 49888 29 7 493
11 18 2 50276 1
12 50284 3 8 1
13 9 2 50287 1
14 4 50281 4 5
15 1168 50287 0 3
16 3 1173 3 50279
17 1 50228 77 4
18 13238 4109 8013 24930

> ZNF276 25
0 1855 2978 4177 1997
1 2505 419 950 10392
2 6363 572 758 8920
3 11001 173 291 477
4 10631 666 1263 135
5 900 69 10707 78
6 2875 915 10440 426
7 2625 1178 2162 5043
8 4012 2661 2384 1950
9 37 67 11003 54
10 1545 803 348 10270
11 9760 4134 1946 67
12 1356 955 2343 6354
13 5379 2686 789 2153
14 218 2248 5914 2628
15 5045 358 305 5795
16 388 11002 81 29
17 888 7666 2811 1736
18 7023 995 1042 1948
19 596 10381 432 2855
20 109 10645 77 907
21 39 1665 767 10733
22 1409 303 254 10755
23 8957 1271 1394 6635
24 4545 2404 1481 2578

> ZNF81 24
0 254 433 23 144
1 10 37 3 804
2 388 0 460 6
3 0 1 852 1
4 1 3 2 848
5 645 19 173 17
6 6 761 22 65
7 771 38 28 17
8 853 0 1 0
9 0 853 1 0
10 0 811 1 42
11 844 0 10 0
12 11 749 38 56
13 0 12 5 837
14 407 37 99 311
15 32 46 14 762
16 155 6 690 3
17 54 2 798 0
18 853 0 0 1
19 832 1 20 1
20 823 1 15 15
21 809 9 25 11
22 11 710 12 121
23 655 23 51 125

> ZNF345 22
0 117 508 145 3017
1 627 394 36 2988
2 95 1 3346 0
3 184 3327 35 0
4 3314 3 104 23
5 3367 3 20 0
6 0 3370 1 0
7 1682 876 579 232
8 247 1236 457 1430
9 925 551 1508 385
10 1005 687 1085 592
11 1595 166 1322 286
12 33 3322 134 166
13 3115 198 83 302
14 3348 18 29 13
15 0 3370 1 0
16 171 2118 513 1005
17 6 24 3370 21
18 204 315 1058 2009
19 2965 372 619 415
20 154 3169 37 514
21 640 1258 665 807

> ZNF248 24
0 182 4888 152 824
1 1906 893 294 2953
2 5401 73 391 181
3 39 56 23 5928
4 23 5688 5 330
5 60 5804 25 157
6 5955 42 37 12
7 16 25 13 5992
8 66 5 5923 52
9 5821 23 153 49
10 3059 21 2897 69
11 52 5511 95 388
12 5910 19 96 21
13 11 75 5 5955
14 453 13 5386 194
15 110 4 5897 35
16 3060 67 1808 1111
17 5423 289 176 158
18 87 216 69 5674
19 2148 95 3638 165
20 110 577 175 5184
21 320 2236 830 2660
22 177 1171 83 4615
23 171 949 116 4810

> ETV2::SPDEF_ELK1::ETV7_ETV5::ETV7_ELK1::SPDEF_FLI1::ETV7_ERF::ETV7_ETV2::ETV7 20
0 2444 574 915 802
1 13431 12381 13417 5956
2 11095 25609 16477 4193
3 16837 35391 4108 1075
4 482 117 45594 121
5 185 121 45601 144
6 45443 581 379 131
7 20385 40898 165 1246
8 378 102 45624 189
9 345 481 45425 1350
10 45608 82 112 74
11 15275 12882 126 24125
12 28082 486 20061 7084
13 327 69 67 45607
14 95 45622 43 36
15 41 45593 43 450
16 1175 4526 36278 14675
17 3329 19398 24019 12371
18 6584 14635 11283 13142
19 9580 6394 4139 20715

> RARB_RARG_RXRB_RXRG_PAX5_Npas4 14
0 3281 742 2994 818
1 5291 493 2544 146
2 3298 2711 10652 2448
3 3124 2479 10546 3930
4 1077 1163 2679 15072
5 434 16823 775 770
6 6041 409 11631 181
7 265 308 309 17513
8 287 311 17791 146
9 16537 969 629 810
10 1917 16431 751 684
11 2686 10604 1836 3543
12 2420 5428 3134 7648
13 956 3468 1054 3769

> Ar_NR3C1_NR3C2 17
0 16020 9129 30917 17905
1 24857 350 41920 779
2 105 15 86905 104
3 27652 2267 9688 25129
4 50416 28 25 22
5 4 76623 24 2
6 53933 66 2024 303
7 10016 29070 5055 27912
8 26293 9100 15118 17543
9 35088 3147 23556 6052
10 515 1838 80 69745
11 0 24 89666 6
12 34 36 53 71715
13 23816 10627 2224 30016
14 56 69233 14 149
15 826 41887 772 27154
16 15723 27401 11218 14780

> HSFY1_HSFY2 17
0 13493 3056 15826 6896
1 9472 1363 5557 39272
2 453 406 550 39272
3 2613 39272 2660 16
4 14 1181 39272 1570
5 39272 10 68 185
6 39272 324 977 4849
7 10725 15328 2112 11107
8 2996 16751 16660 2865
9 11201 2245 15443 10384
10 4789 1017 284 39272
11 173 93 26 39272
12 1568 39272 1200 23
13 7 2597 39272 2610
14 39272 523 456 442
15 39272 5526 1411 9758
16 6839 15816 3073 13545

> Hmx1_Hmx2_Hmx3_Lhx1_Arx_Alx4_Alx1 18
0 133 87 132 102
1 316 276 260 203
2 185 324 381 163
3 313 244 182 315
4 404 116 391 144
5 89 405 256 302
6 20 338 5 691
7 958 29 61 6
8 993 37 9 16
9 15 8 2 1029
10 9 34 31 980
11 961 6 56 29
12 530 73 381 67
13 213 407 133 303
14 360 214 264 217
15 322 308 251 172
16 321 259 229 246
17 181 291 191 390

> PAX6_PAX2_HOXB2::PAX9_HOXB2::PAX1_HOXB2::PAX5_PAX8_PAX1_PAX9 20
0 2615 6587 2992 5248
1 2035 18907 7351 1976
2 114 64 27939 824
3 1894 1663 72 26400
4 76 26431 57 3333
5 25334 718 256 167
6 67 26889 28 3182
7 279 35 28148 16
8 62 25497 6614 20
9 11142 3550 1163 11638
10 261 8349 7 24678
11 165 15780 15470 406
12 24652 78 7196 68
13 3726 8274 5720 11138
14 536 4896 351 22536
15 8629 109 20518 4094
16 9488 12545 6028 69
17 6560 5498 3703 3889
18 251 4595 611 3193
19 2265 2279 1407 1837

> GMEB2_Atf1_BACH2_ZBTB21_FOSL1::JUND_FOSL1::JUN_FOSB::JUNB_FOSB::JUN_FOSL2::JUN_CREB3L4_JUN::JUNB_Creb5_JDP2_JUNB_FOSL2::JUNB_ATF6B_ATF3_FOSB_CREM_FOSL2::JUND_ATF7_FOS_FOS::JUN_JUND_JUN_ATF2_CREB1 20
0 166 46 33 76
1 224 3 9 79
2 4101 4231 5157 3865
3 7283 12118 9722 10234
4 76252 58224 109164 75195
5 209768 35106 98067 16492
6 2940 3803 2372 335248
7 3757 5177 309218 33963
8 319544 2491 10639 11651
9 2974 317546 12773 11540
10 107472 43689 190126 4186
11 4341 4077 2891 332773
12 18514 321314 6246 5165
13 329634 3674 5031 4789
14 13466 105190 24844 199704
15 64069 123378 52429 89146
16 66317 49394 49994 68286
17 17672 19240 10763 26285
18 10112 8097 4575 12176
19 264 341 239 476

> LIN54_Pou5f1::Sox2_POU2F1::SOX2_TEAD4::DRGX_POU3F4_POU5F1B_POU1F1_POU5F1_POU3F3_POU3F1_POU3F2_POU2F1_POU2F3_POU2F2 21
0 2016 492 743 876
1 1105 1093 1260 668
2 919 9015 1673 2230
3 20801 11125 13963 33650
4 44798 31788 19481 25120
5 118296 9263 7826 13723
6 1877 1071 677 137540
7 8466 5126 2120 131563
8 27474 1170 469 115138
9 27361 6793 120779 2757
10 10430 131989 791 2490
11 135752 1993 2103 1722
12 1428 1211 488 136799
13 101636 12522 16897 19133
14 49349 18497 10221 47882
15 22133 33512 16488 33245
16 17462 254 101 419
17 17480 169 111 138
18 6697 368 145 14445
19 7528 702 8830 1621
20 2147 3768 8916 1414

> ZNF322_DMRT3_DMRTC2_DMRTA2_DMRTA1 15
0 108 109 316 69
1 192 86 96 228
2 3335 916 1251 1554
3 3653 1260 1296 1786
4 2348 1862 960 5768
5 860 1526 1396 6458
6 34 26 6808 11
7 2976 2118 125 2937
8 1459 328 40 6829
9 6818 39 96 25
10 5 6844 4 9
11 6388 88 296 941
12 2815 1194 1738 5846
13 1481 1433 1513 5441
14 53 70 413 66

> RFX1_RFX3_RFX2_RFX5_RFX7_Rfx6_RFX4 17
0 1535 3291 2107 2491
1 4543 19142 15365 8541
2 1024 566 42510 570
3 248 452 297 43416
4 4624 2146 145 40008
5 10902 774 30450 2382
6 74 39723 319 4732
7 75 32420 103 13492
8 37421 365 1412 1188
9 1665 532 6926 35343
10 5903 255 39160 198
11 7938 3117 32326 2003
12 6363 25728 2584 10526
13 30091 42 1963 1278
14 29867 915 54 30
15 215 34603 516 482
16 5961 12327 16601 3101

> FLI1::BHLHA15_ETV2::BHLHA15_FLI1::MAX_ERF::MAX_FLI1::FIGLA_ETV5::FIGLA_TFAP4::FLI1_ERF::FIGLA_ETV2::FIGLA_TFAP4::ETV1 16
0 25436 5491 15749 7639
1 6544 28734 12862 2009
2 10844 42528 2417 783
3 380 674 44414 308
4 492 458 44417 749
5 44323 874 732 809
6 42617 1431 819 13113
7 23006 6854 14443 597
8 271 44333 472 908
9 44357 575 1327 471
10 512 20160 27989 1305
11 2310 24087 30091 483
12 763 1723 1013 44374
13 516 344 44380 955
14 6328 9801 16831 11522
15 7631 7067 8109 9582

> ELK1::PAX9_ELK1::PAX1_ELK1::PAX5 20
0 6972 1022 2583 892
1 360 8545 1034 119
2 173 9752 0 2
3 2 1 9801 2
4 0 0 9800 3
5 9800 1 1 6
6 9695 2 19 326
7 19 9371 782 599
8 3 3476 0 6324
9 9508 56 695 64
10 164 9068 24 1495
11 289 34 9768 8
12 7 9229 1579 13
13 4335 1066 391 4715
14 347 2684 1 6979
15 96 5174 4519 244
16 9134 113 2332 21
17 1934 3654 2567 1646
18 605 3607 259 8078
19 2353 199 7915 1745

> CUX1::HOXB13_Hmga1_MEF2B_MEF2D_MEF2C_MEF2A 16
0 1181 2009 1665 614
1 5977 3479 4326 7536
2 20569 6418 11645 18447
3 15132 23755 4729 12371
4 1172 4416 744 49612
5 50016 1607 1724 3250
6 46446 630 1130 7970
7 53196 384 884 3162
8 50577 1428 592 3578
9 52893 596 600 1919
10 993 599 286 53929
11 35421 12149 2554 5713
12 16017 4111 26245 9930
13 26737 13060 5097 12360
14 7337 4157 1936 7959
15 5644 5138 2675 5381

> GCM1::ELK3_ETV2::NHLH1_ERF::NHLH1 17
0 3608 2329 1350 201
1 659 836 6661 289
2 15 7316 14 23
3 6859 501 122 19
4 1 1716 7286 181
5 50 7277 186 133
6 639 25 21 6707
7 338 127 6935 128
8 5 7321 96 26
9 20 7334 14 5
10 27 54 7331 20
11 49 32 7325 83
12 7327 47 24 266
13 5518 292 12 1918
14 1835 182 5457 860
15 9 2702 60 4577
16 1822 1238 1337 2300

> FOXH1_DPRX_RHOXF1_OTX1_PITX2_PITX1_RHOXF2_OTX2_PITX3_Crx_GSC_GSC2 12
0 38932 31225 22132 36951
1 34306 36653 40797 46764
2 50622 88794 26893 64769
3 9151 4832 4304 209549
4 212353 3347 9381 5393
5 220046 807 874 1343
6 1894 952 13685 214998
7 7647 213504 3641 5104
8 6004 212356 12263 18229
9 46361 89521 29515 57512
10 34970 44405 19038 42907
11 38717 22124 24445 43604

> ETV2::TEF_ELK1::TEF_ETV2::CEBPD_ETV5::CEBPD_FLI1::CEBPB_FLI1::CEBPD_ERF::CEBPD_ELK1::SREBF2_ERF::SREBF2 17
0 6823 1472 5325 2704
1 2811 7715 3778 564
2 2252 12306 653 266
3 80 89 12770 263
4 87 170 12770 94
5 12770 138 208 322
6 8722 1130 163 4863
7 5004 465 7269 34
8 18 54 74 12749
9 187 915 1601 11518
10 7074 57 8746 417
11 134 12770 381 1253
12 1820 333 12770 116
13 916 6938 138 7427
14 11475 1170 1415 130
15 12696 79 190 292
16 310 4677 1876 4930

> RARA::RXRG_RARA::RXRA_RARA_Rarb 18
0 345 113 413 129
1 2207 65 823 6
2 13 4 3178 32
3 14 6 2955 260
4 11 28 89 2768
5 29 3515 72 117
6 3015 21 127 12
7 870 853 258 1126
8 682 941 1053 503
9 401 1132 556 1091
10 1767 352 477 615
11 1766 160 975 132
12 2277 109 699 27
13 30 6 3084 48
14 13 15 2934 236
15 70 127 246 2423
16 78 3401 126 163
17 2902 56 234 52

> RELB_MZF1_GCM1::ONECUT2_GCM1::HOXB13_GCM2::HOXA13_GCM2::DRGX_GCM2::PITX1 16
0 489 978 452 1102
1 3179 1238 1931 3987
2 6280 6953 5633 14751
3 7162 5897 3078 21147
4 20041 2503 4513 9401
5 27063 1647 1224 3629
6 1318 1194 2332 30493
7 2714 18819 3611 11779
8 11305 15040 5213 1987
9 331 30741 135 280
10 273 30520 201 444
11 8124 20923 1613 4050
12 6739 8036 19968 8191
13 2164 16544 2612 8609
14 21484 3370 3407 3815
15 1243 5594 2804 13583

> PITX1::HES7_Arnt_Ahr::Arnt_HIF1A_TCFL5_Creb3l2_ARNT::HIF1A_Mlxip_BHLHE40_ARNT2_MLX_MLXIPL_TFEB_TFE3_BHLHE41_HES6_HES1_HEY2_HES2_HEY1_HES5_SOHLH2_Npas2_MAX_MNT_CLOCK_TFEC_Arntl_HES7_ATF6B_MAX::MYC_MYC_MYCN_XBP1_CREB3L4_ATF6B_CREB3_CREB3L1_ATF6_MITF_SREBF1_SREBF2_ZNF507_USF1_USF2_DPF1 20
0 4 0 0 152
1 152 7 3 12
2 17056 14433 14386 17821
3 17932 14097 15135 16530
4 46738 27368 33968 39921
5 74697 41458 132043 61466
6 139062 57655 283257 95000
7 37371 44866 148128 284545
8 3050 406529 38177 6041
9 371504 2513 73910 5222
10 1138 421709 8465 26736
11 61504 7729 381042 1057
12 13512 40773 2756 438037
13 2573 2558 440345 3459
14 235604 93234 103369 55926
15 31206 217606 51419 97802
16 72282 64819 37908 58848
17 42276 36299 28028 48112
18 18846 15941 14650 22312
19 17810 14387 14427 16903

> REL_RELA_ZNF141_NFKB1_NFKB2 13
0 14830 6252 5096 3539
1 649 319 27816 78
2 20 59 27975 301
3 30 46 28091 1214
4 2821 63 25328 1014
5 24574 1387 2735 685
6 11954 2692 105 13020
7 1519 2245 3438 23044
8 889 33080 50 2158
9 665 34187 64 258
10 38 34427 80 63
11 389 33228 491 551
12 2610 5779 4666 14901

> SIX1_Six4_SIX2_ZNF32 17
0 1673 1234 1145 1401
1 1607 1242 1226 1378
2 2888 4221 2556 1780
3 1499 2664 1791 6828
4 1064 641 14438 923
5 6774 1866 1386 8439
6 15741 1022 269 1024
7 16281 207 201 287
8 669 13900 713 3601
9 2794 10808 1363 1879
10 760 3137 827 12546
11 1550 398 15178 848
12 16377 161 214 212
13 1704 4435 3104 8036
14 9766 4906 1649 1785
15 1061 7946 1249 2773
16 454 3167 1503 868

> ONECUT2_PAX3_CUX2_CUX1 10
0 11896 10052 7091 60567
1 60836 5391 31559 12793
2 68764 328 3128 529
3 513 2006 591 68764
4 103 66080 190 3523
5 21353 303 47413 460
6 68764 103 296 225
7 450 432 147 68764
8 60705 12580 9588 20807
9 33818 13141 6624 15275

> ZBTB7B_ZBTB7C_Gli1_Gli2 14
0 1021 1170 943 869
1 2516 2078 3089 1681
2 3429 3504 2455 907
3 918 436 8656 462
4 7910 1021 843 89
5 188 9018 116 88
6 79 9143 94 70
7 8739 1202 179 357
8 70 9148 94 101
9 962 8246 219 179
10 1268 6466 2566 647
11 8283 1012 916 1149
12 2216 2997 3007 1145
13 1832 1455 2317 891

> TEAD4::ETV7_TEAD4::SPDEF_TEAD4::ELK1_TEAD4::ELF1_TEAD4::SPIB 20
0 3431 594 5791 1174
1 1262 1430 7758 718
2 7892 789 107 1488
3 8195 56 46 362
4 267 706 101 8066
5 91 936 7604 282
6 771 8151 290 87
7 68 79 8249 53
8 78 84 8236 83
9 8200 134 73 328
10 7479 491 120 1326
11 1640 1035 7433 263
12 1031 1952 647 7021
13 2611 1092 2420 1350
14 10 237 10 195
15 54 6 108 282
16 0 0 4 450
17 19 444 14 34
18 19 431 11 26
19 57 77 217 100

> GCM1::ELK3_GCM1::ETV4_GCM1::ELK1_GCM2::ELK1_FOXO1::ELF1_ETV2::FOXI1 15
0 4738 955 2587 830
1 1043 1130 955 9944
2 2986 641 8678 138
3 2191 7400 2092 4973
4 909 246 7629 2646
5 225 78 8267 1153
6 1546 913 6982 30
7 411 10786 295 244
8 47 114 9240 148
9 211 66 9233 239
10 10460 300 313 412
11 9802 361 301 2169
12 2003 507 8313 125
13 1511 3742 2870 9462
14 2498 1113 4572 1720

> MEIS1_MEIS2_MEIS3_HIC2_Hic1_NFIC_NFIA_NFIX 11
0 34774 37455 38801 34121
1 57592 63188 72701 53718
2 15921 20447 6396 240091
3 3426 1224 243415 3199
4 481 154484 6439 85927
5 604 238918 1415 437
6 228829 11305 6477 9965
7 171419 16237 35669 29567
8 34317 44427 51966 26433
9 33567 23079 21527 40038
10 3867 2478 2647 2615

> ZNF780A_ZNF263_SP5_VEZF1_KLF3_KLF2_KLF6_KLF16_KLF11_SP3_SP8_SP9_KLF5_ZNF264_KLF7_KLF1_SP1_SP4_SP2_KLF14_KLF12_KLF10_Zbtb17_KLF15_PATZ1_ZNF740_KLF4_ZNF468_ZNF543_MAZ_ZNF148_ZNF281_ZNF444_ZNF467_Wt1_EGR2_EGR1_EGR3_EGR4_KLF17_KLF13_KLF9 21
0 1572 3131 2104 1721
1 1601 8657 3051 1914
2 12918 28104 18032 11968
3 51556 66180 71521 52766
4 90290 99065 118298 48110
5 36436 310532 42208 39214
6 16048 303604 22515 79622
7 137928 250391 29499 10636
8 7502 403017 5699 6587
9 96581 19386 171060 161422
10 7710 402072 8379 4337
11 27772 367881 13869 12747
12 6615 391665 9206 17045
13 123761 193036 34000 72664
14 36134 200341 52351 45406
15 47520 65302 61166 40157
16 12786 64151 14991 41444
17 29254 32543 18185 31350
18 6860 17884 9892 10360
19 2164 1386 2111 4005
20 1191 1118 935 2422

> ZNF85_Dux_DUXA_DUX4_PHOX2A_PROP1_Duxbl1_PHOX2B 18
0 18771 7554 8391 19521
1 21436 11665 8581 26743
2 20981 6743 4358 88727
3 96484 2205 13296 7391
4 114189 820 591 1043
5 8659 19880 3236 91392
6 3152 61377 9810 45290
7 49183 22204 9060 39219
8 107268 5140 4963 2373
9 111176 723 3917 1541
10 939 355 380 114939
11 5285 49241 1332 62772
12 100798 2299 3074 13425
13 23178 7348 9388 28501
14 21649 9116 8544 18579
15 19814 8277 8033 21764
16 1320 1104 788 1440
17 385 145 191 280

> TEAD3_ZNF480_TEAD4_TEAD2_TEAD1 14
0 32 25 10 35
1 36799 41780 29678 40871
2 34045 48970 27563 38550
3 132339 3757 29430 6220
4 16204 146976 5676 2157
5 164960 1871 1526 2215
6 1505 1851 1679 165537
7 12230 1832 4288 153214
8 2722 161554 2355 3941
9 2038 164733 590 3215
10 140704 6718 11958 34548
11 25895 20216 80294 22723
12 32664 40502 49320 26642
13 19330 21609 16487 13616

> BARX2_HNF1A_HNF1B_POU2F1::DLX2_POU4F1_POU4F2_POU4F3 18
0 655 14 15 373
1 4622 2329 3427 5000
2 8338 3881 47711 6038
3 6568 11830 11891 62885
4 13928 6005 14388 75333
5 78168 7191 2788 264
6 83697 2152 677 1614
7 3237 11300 194 84748
8 22342 19205 42125 27923
9 65131 1787 18652 7738
10 5604 4023 6023 83501
11 8797 1511 506 84019
12 64910 2753 9255 26591
13 67257 6072 6741 17797
14 9485 31771 8120 40045
15 5493 5216 12529 10638
16 7168 1605 2199 1266
17 1762 1512 4581 978

> POU2F1::ELK1_POU2F1::ETV1_ELK4_ELK1::HOXA3 13
0 2324 746 1482 695
1 667 3677 991 385
2 510 4410 159 304
3 143 103 4410 94
4 537 713 4320 404
5 6863 108 97 2238
6 2746 21 193 2158
7 4410 15 220 83
8 180 625 445 4410
9 246 379 3210 1279
10 1097 2395 1340 786
11 2205 144 607 244
12 718 397 262 767

> ESRRA_Nr5A2_NR6A1_NR5A1_RORB_RORA_RORC_Nr2e1_NR1I3_Vdr_NR4A1_RORA_NR4A2_NR2C1_NR2C2_NR2F1_Esrrg_ESRRB_ESR2_Nr1H4_NR2F2_Nr1H2 20
0 171 197 313 216
1 1747 1484 1590 1848
2 1254 1930 1533 1474
3 2206 719 1932 831
4 19137 5010 6935 6303
5 12628 9938 27543 13141
6 11803 18288 20820 29861
7 31935 48985 27236 88806
8 84453 93346 35481 37997
9 159672 22790 67823 27543
10 229934 3308 23050 2020
11 3719 2037 243495 7988
12 2310 1246 168483 90687
13 7811 10588 10389 233772
14 3223 241568 5187 20081
15 238986 3820 27886 6097
16 56208 65451 54489 78247
17 38213 28569 32665 28979
18 6310 6020 7949 5329
19 5681 2912 36863 3466

> ZBED2_ZNF766_ZNF527_ZIM3_IRF6_IRF3_IRF7_IRF9_IRF4_IRF8_IRF5_Stat2_Irf1_STAT1::STAT2_IRF2 25
0 4596 6118 7839 4120
1 3597 7115 9273 2952
2 8451 700 14773 2099
3 12887 17 9047 629
4 18319 86 3506 2154
5 30681 2392 2444 3770
6 33283 40420 12389 27436
7 14415 67134 34747 22347
8 8849 4497 105188 3862
9 98665 9311 3245 3236
10 114077 3269 2251 3156
11 117136 2801 2871 3305
12 11589 105543 8533 3312
13 30428 78945 4362 22355
14 2109 571 128211 3329
15 121374 1516 1273 898
16 122559 601 842 2514
17 119592 1132 1537 3663
18 8600 99845 21190 7089
19 13178 62133 7872 68215
20 38598 14773 17993 24527
21 9632 8924 3719 4943
22 360 339 419 191
23 5 2 1 4
24 3 6 1 2

> Nfatc2_Nfat5_Nfatc1_NFATC3_NFATC4_RBPJ_ZNF75D_ZNF75A 17
0 973 691 739 836
1 886 658 884 811
2 728 554 1430 527
3 2633 3062 3025 2397
4 8520 4473 3672 4420
5 17014 4384 9704 3984
6 686 5300 684 21674
7 194 57 27216 56
8 211 80 27049 397
9 22673 362 5384 216
10 27275 37 278 118
11 26868 2410 869 1566
12 17686 12207 5119 4122
13 9715 4639 3647 9727
14 3108 3034 3665 3292
15 1116 2907 715 1370
16 223 293 525 1287

> Stat6_BCL6B_BCL6_ZNF337_Stat5b_Stat4_Stat5a::Stat5b_Stat5a_STAT1_STAT3 18
0 1714 1345 1289 1498
1 1413 3169 1381 5257
2 2243 1201 6895 1527
3 2649 7949 2439 2695
4 4466 12277 6784 20371
5 1582 2919 914 57142
6 2144 2175 6666 49874
7 2120 57150 61 1823
8 3134 18148 5106 37572
9 17681 1516 23761 18197
10 9100 119 51377 831
11 2913 144 57083 902
12 58115 332 2584 582
13 58773 788 737 1218
14 25590 8703 14081 13902
15 6724 7704 5597 11039
16 1730 1827 2142 1299
17 1072 589 1124 424

> HOXB13_CDX2_Hoxa13_Hoxd13_CDX1_HOXD9_HOXA10_CDX4_ZNF492_ZNF674 15
0 898 124 921 210
1 48764 20654 25810 34913
2 53152 25918 53673 45699
3 25130 68328 94638 17281
4 7161 146733 1577 37642
5 156918 37493 2645 12910
6 182502 2646 5409 4741
7 1542 2427 1357 188114
8 181000 1661 2628 13501
9 187985 1321 1262 3095
10 185786 3013 1801 3326
11 151165 24346 17530 26212
12 49180 43217 24122 61734
13 26604 13380 12994 27889
14 25201 13394 13089 28030

> PBX1_MEIS2_MEIS1_PBX2_ONECUT3_ONECUT1_Lhx3_Pax7 16
0 29357 11035 13202 14705
1 54165 18813 27853 29070
2 63804 27597 34769 41713
3 68156 30293 14833 54495
4 106357 38986 11662 9450
5 156287 2230 4908 2903
6 1849 2642 1663 160266
7 45350 105015 3288 12649
8 151225 3368 7610 4099
9 158070 2262 2499 3477
10 2568 1558 1261 160940
11 59233 52967 7885 46823
12 112630 15127 10661 27853
13 53607 29465 22137 61063
14 43993 33209 28288 54701
15 36876 25988 21235 39742

> ZIC1_ZIC4_ZIC5_GLIS2_GLIS3_GLIS1_GLI3 16
0 13355 10467 9776 4400
1 2340 8453 65892 18343
2 61065 6253 12251 54
3 1408 67703 116 246
4 1629 67908 386 490
5 13055 54920 1042 1641
6 19 68368 9 13
7 1153 67503 13 39
8 143 52606 13 15106
9 21955 152 58397 173
10 604 63109 1050 13764
11 6173 7152 30839 48926
12 10897 321 61538 7380
13 14802 23487 4462 33219
14 227 3103 78660 6860
15 12665 18822 3117 9608

> ZNF441_ZNF596_Zfp319_ZNF781_ZNF823 16
0 2402 1750 3860 516
1 6784 779 697 268
2 3283 2386 7993 1502
3 11877 2859 2719 34506
4 632 48243 1072 2014
5 245 813 409 50494
6 123 51310 358 170
7 187 9090 1900 40784
8 427 37314 13903 317
9 219 2302 669 48771
10 345 49781 472 1363
11 983 1466 1287 48225
12 1326 46493 1755 2387
13 2923 3411 2889 34210
14 146 1524 411 421
15 244 486 439 1333

> NR1D1_NR1D2_RARA_Rarb_Nr2F6_Rarg 19
0 1098 257 181 413
1 15050 3582 17642 58835
2 42362 1447 37460 307
3 85 87 81145 5458
4 160 24 82408 1925
5 54 731 6069 78197
6 32 52203 89 35203
7 78974 34 37 317
8 16179 8931 54923 3735
9 11085 600 2070 67557
10 59987 540 44218 138
11 65 26 80426 14221
12 270 84 79630 3081
13 1774 2825 5944 76178
14 44 77947 1082 7735
15 74856 52 10366 561
16 13257 6404 4309 7327
17 2 0 228 328
18 0 115 226 212

> SOX7_SOX21_Sox1 15
0 17175 880 1146 474
1 35019 1428 1361 2075
2 29 35019 27 142
3 35019 595 19 615
4 24286 12712 491 245
5 96 54 29 35019
6 14518 1428 15163 4274
7 9935 12508 5696 6881
8 9426 19608 1431 4642
9 35019 52 3 67
10 178 470 1882 35019
11 539 47 521 35019
12 165 28 35019 15
13 2343 3596 1434 35019
14 328 528 348 17305

> MYBL2_MYBL1_OVOL1_OVOL2 17
0 6192 2530 3015 3269
1 13581 1538 10006 7601
2 14191 2676 8349 14131
3 26714 2138 1563 6372
4 437 30938 231 151
5 365 30938 497 30
6 55 7 30938 9
7 18 1434 28 30938
8 10 17 9 30938
9 30938 96 240 575
10 6251 11460 5953 21858
11 7844 8549 6839 7878
12 4573 15421 4530 15990
13 6146 7860 11420 7254
14 414 888 1272 1167
15 228 466 95 766
16 40 655 18 577

> IRX3_TP53_TP63_TP73 18
0 17959 1166 16355 12041
1 39012 619 6827 1142
2 86 46597 34 481
3 41556 213 753 2031
4 10253 6646 1084 39444
5 2328 1486 47844 307
6 6353 13535 1975 24794
7 8826 27823 2447 13501
8 10722 13844 6235 14070
9 13547 5677 17570 10037
10 12878 1775 28060 7947
11 21895 2086 15532 6571
12 370 47570 1344 2029
13 43855 304 6704 8695
14 1070 7237 342 35916
15 998 188 48933 106
16 1809 9579 372 33321
17 13781 16090 1769 13948

> TCF7_TCF7L1_Lef1_TCF7L2_Hnf1A_HNF4A_PPARA::RXRA_NR1H2::RXRA_Nr2f6_RXRB_Rxra_RXRG_PPARD_NR2F1_THRB_Pparg::Rxra_NR2C2 19
0 548 140 108 204
1 431 73 60 437
2 7260 4675 4571 4547
3 44048 18400 83043 12139
4 81233 3220 85062 4914
5 3283 8458 132219 4986
6 14591 1526 120172 20385
7 888 1888 3910 162213
8 1236 184476 5475 13717
9 169891 228 2019 502
10 163688 999 9317 6169
11 163355 292 9333 387
12 893 422 152429 573
13 5894 4515 135724 15919
14 6569 7156 10032 143861
15 3134 159354 5959 14962
16 144623 1016 17453 1502
17 15275 15901 11865 14396
18 0 15 6 4

> GCM1::FOXI1_GCM1::HOXB13_GCM1_GCM2_GCM1::TBX21_GCM2::TBX21 17
0 5808 460 1216 1675
1 1446 563 6652 1415
2 336 208 5963 2167
3 510 550 2515 5828
4 434 122 6142 2116
5 1114 396 1027 7862
6 3207 12153 9050 6528
7 28271 2141 6799 462
8 2114 345 420 28858
9 6898 508 29496 82
10 1974 27489 3980 2143
11 1046 303 30662 4207
12 49 16 30662 109
13 343 60 30662 75
14 1275 7891 1279 26218
15 22233 3316 8861 2827
16 789 13412 4829 2409

> E2F3::ONECUT2_ZNF587_ZNF417_Zfp961_E2F1_E2F4_E2F2_E2F3 23
0 678 314 701 211
1 1159 130 744 113
2 0 11 15 1903
3 2 1903 0 26
4 1019 631 2210 199
5 2553 175 373 460
6 13478 3869 11032 9140
7 17788 1841 3687 37199
8 11032 2361 2934 47322
9 7773 1704 4717 47182
10 5461 1139 9226 46796
11 923 8341 51819 262
12 44 237 53187 141
13 82 53429 90 338
14 122 65 53274 93
15 29 53610 160 100
16 719 52091 9874 1244
17 47871 10548 1699 7008
18 36642 3838 2003 15222
19 35837 2211 1800 16934
20 32741 4278 3162 19036
21 6966 10440 3808 13295
22 76 143 93 99

> ZSCAN4_ZSCAN1 17
0 18167 16254 13578 8673
1 12030 18709 4844 32287
2 17623 58 41048 0
3 5 58325 16 34
4 57947 0 21 2
5 0 58325 0 0
6 57931 25 40 6
7 267 56948 120 2902
8 24109 18853 14514 670
9 595 58088 121 293
10 2300 648 3659 56872
11 1672 4559 54173 7270
12 40841 11688 6983 10405
13 47470 24827 150 694
14 57836 190 212 110
15 39909 11115 10091 7191
16 20202 13228 6326 16916

> ZNF77_ZNF671_ZNF652_ZNF7_Nkx3-2_MSANTD3_NKX2-2_NKX2-5_Nkx2-1_NKX2-8_NKX2-4_ISL2_NKX2-3_Nkx3-1 18
0 7325 3659 4451 7158
1 11320 9625 7848 19870
2 15543 7135 7075 20060
3 37957 15003 17553 17264
4 30367 55505 25436 7779
5 1812 97642 935 6963
6 86495 6574 1294 11289
7 4974 98630 1438 2054
8 1726 1664 1282 99137
9 1653 37385 1741 68273
10 56567 12591 27404 11277
11 81114 12737 14929 14634
12 27736 20007 21448 11765
13 15592 13572 9402 12727
14 11874 11370 9197 11642
15 4690 4729 3466 5175
16 582 539 381 316
17 341 526 281 519

> Dmbx1_FOXJ2::PITX1_TFCP2_GRHL1_GRHL2 17
0 15910 10249 9420 9150
1 20889 7177 11351 6814
2 39771 1164 2821 1752
3 40369 726 2881 1448
4 552 43737 635 404
5 34617 4688 573 6229
6 3317 637 40574 1501
7 684 1005 42978 626
8 2426 2400 759 39987
9 1925 2246 1252 40260
10 7923 10094 8238 20545
11 9839 8833 11203 14822
12 40 5 35 20
13 9 11 37 42
14 15 28 30 27
15 30 20 19 30
16 37 12 15 36

> Gfi1B_GFI1 12
0 3668 11575 7376 7527
1 20270 10593 916 660
2 31929 2 0 0
3 31909 0 2 1
4 0 338 28 31556
5 15 31900 0 10
6 30288 21 0 2301
7 899 29081 4276 0
8 8864 54 8350 14640
9 2351 267 29190 915
10 434 29219 76 3917
11 17453 5654 4209 4592

> PBX3_PKNOX1 17
0 1595 1711 2192 1523
1 11321 11227 11533 12903
2 11565 11677 11463 12279
3 5818 1850 3825 35491
4 1882 1387 42512 1203
5 43185 803 1544 1452
6 2660 4911 31111 8302
7 1387 1077 1312 43208
8 701 1246 44263 774
9 42538 518 3063 865
10 801 44370 789 1024
11 40073 1073 2833 3005
12 3114 5171 33058 5641
13 9336 17718 13205 6725
14 9868 12040 10651 14425
15 12391 10887 12364 11342
16 1495 1801 2217 1508

> ZNF257_ZNF284_ZNF770 13
0 2844 3990 15737 6136
1 2280 12252 6610 8563
2 1263 761 6080 21601
3 293 144 29201 66
4 29021 245 236 202
5 370 182 29078 74
6 1695 873 26939 197
7 440 28471 184 609
8 13387 9239 1583 5495
9 2242 603 26385 474
10 7143 6192 14519 1850
11 16308 2012 10027 1357
12 112 100 625 161

> ZNF708_ZNF341_ZNF189 15
0 6828 11778 9110 7807
1 9479 9044 7383 9617
2 3781 5436 13883 12423
3 1719 1018 28996 3790
4 524 33898 634 467
5 559 935 821 33208
6 983 1959 31803 778
7 588 984 484 33467
8 749 735 1726 32313
9 1641 29852 2273 1757
10 2840 24852 2327 5504
11 8941 12034 5434 9114
12 2110 4331 3973 6381
13 164 476 66 143
14 83 275 115 376

> ATF4_CEBPG_Ddit3_CEBPA_CEBPD_HLF_NFIL3_TEF_DBP_CEBPG_CEBPB_CEBPE 15
0 13942 6256 9318 9197
1 60400 36149 39512 62351
2 51912 39464 76558 93999
3 172905 25382 67212 12886
4 2340 2148 1515 269042
5 2324 845 4953 267766
6 51943 2364 198104 25179
7 3123 263471 1963 11825
8 190349 6807 70473 11457
9 11653 117349 3084 144230
10 198233 73990 1322 3043
11 265067 2853 3494 3965
12 12751 69848 33735 161924
13 85457 68567 39897 67947
14 50521 46068 38364 61915

> THRA_Nr1h3::Rxra_Rarg_THRB 24
0 45 57 42 38
1 24 86 29 43
2 20 37 28 97
3 143 64 266 98
4 2 79 33 6501
5 198 130 6978 67
6 5714 267 175 347
7 569 6576 14 69
8 60 7539 62 150
9 93 1246 198 4904
10 431 2723 512 3167
11 1274 846 923 3564
12 1455 2711 2213 589
13 1216 510 3862 1493
14 77 17 16 5799
15 579 86 7235 201
16 5739 209 230 91
17 465 7088 23 39
18 128 7494 7 119
19 13 808 50 5795
20 170 1575 308 4781
21 671 224 428 533
22 264 357 484 346
23 30 67 36 49

> Zfp617_PPARG_ESR1_ESR2 20
0 41 284 22 103
1 247 218 108 393
2 4622 622 2864 1237
3 1295 4 6730 1134
4 980 365 7373 437
5 1519 1398 2061 4208
6 69 7722 402 1134
7 6080 535 1001 1611
8 1770 2519 2616 2408
9 1302 2035 3884 2227
10 831 2796 4972 616
11 92 101 6 8995
12 190 552 8371 35
13 7620 1045 151 429
14 49 9181 10 93
15 678 7818 0 432
16 177 2781 102 5825
17 110 106 65 233
18 5 12 6 5
19 7 0 1 20

> TFDP1_E2F6_E2F7_E2F8 14
0 6196 12125 9263 8574
1 4448 13185 8075 10351
2 967 5482 1843 29345
3 703 2658 1291 33715
4 403 36059 1038 397
5 391 36365 898 374
6 864 35036 599 1200
7 2237 723 30871 3897
8 232 36204 934 329
9 677 32870 2386 2648
10 9703 12467 5688 10050
11 8161 12616 7869 9446
12 7794 12817 8535 8179
13 1427 214 151 678

> TBXT_TBX19 20
0 10247 5394 7955 15259
1 7363 4213 7813 21130
2 395 1199 243 51175
3 16133 29587 10519 2656
4 27116 511 13446 2106
5 76 36751 96 230
6 35261 50 2040 27
7 2893 34734 1618 5703
8 10250 20039 9099 5192
9 6084 4930 3045 46671
10 34123 1813 4786 4533
11 6439 9009 25620 11904
12 8792 1865 51257 4287
13 82 3173 278 50276
14 290 20 56385 128
15 3269 14374 763 32175
16 2908 7372 46924 14782
17 35777 123 969 252
18 19937 4953 4529 5442
19 16038 5961 5924 8228

> ZNF273_Zfat_ZNF519_NHLH2_ZNF93 18
0 4834 2655 9732 4143
1 4779 2498 15402 5341
2 3916 1298 20307 2886
3 5038 7261 5119 6334
4 7340 15630 1949 346
5 3087 3413 22243 3999
6 584 25355 1425 480
7 22805 198 4415 448
8 50 2504 26450 1088
9 575 25841 3003 116
10 4918 222 940 21771
11 55 94 27552 141
12 738 26846 397 1305
13 703 842 23164 3898
14 1778 8284 5853 13974
15 4546 21973 2156 3634
16 6906 13687 3014 3544
17 3601 11271 2264 4228

> ZNF560_ZFP64 27
0 39 5 41 2
1 1 78 2 6
2 2 76 1 8
3 508 13 36 14
4 13 435 13 110
5 8 17 8 538
6 21 12 521 17
7 15 505 12 39
8 546 8 9 8
9 5 500 25 41
10 17 6 8 540
11 7 536 14 14
12 7 526 2 36
13 549 5 11 6
14 13 6 546 6
15 4 545 6 16
16 7 543 5 16
17 4 15 3 549
18 23 1 537 10
19 28 4 532 7
20 35 20 500 16
21 25 317 31 198
22 249 12 301 9
23 518 28 19 6
24 36 410 12 26
25 432 8 37 7
26 95 19 357 13

> RUNX2_Bcl11B_Runx1_RUNX3 14
0 9416 8218 10060 12097
1 15827 16240 17520 19581
2 12766 22430 13959 20013
3 9633 14022 7449 44684
4 1847 2042 2294 70731
5 1232 1682 70493 2382
6 20218 7541 1465 46721
7 1130 801 72292 1566
8 1316 1002 71560 1911
9 1000 2493 2288 70333
10 5792 8222 5638 58490
11 18765 7743 11472 39226
12 15218 16513 15223 20214
13 9395 9184 8738 12474

> ZSCAN22_ZNF100_ZNF571_ZNF100_YY2_ZNF597 18
0 9656 9500 5730 8885
1 2584 31387 1040 2601
2 32985 778 432 476
3 35635 3179 1858 1697
4 22801 4549 14375 3170
5 40110 170 1811 213
6 523 1736 950 39012
7 209 141 41797 47
8 161 113 41808 193
9 853 40037 229 1299
10 288 6520 36849 1909
11 3448 4863 31394 8518
12 10802 29559 2845 6798
13 6665 14496 13653 7369
14 289 386 2904 130
15 267 2649 445 349
16 623 643 1073 661
17 238 582 1804 376

> RXRA::VDR_NR1I2 17
0 37 33 83 11
1 112 5 61 1
2 3 0 174 0
3 0 2 60 165
4 5 12 41 174
5 9 173 2 22
6 126 0 47 0
7 40 42 23 70
8 29 60 32 53
9 20 51 94 9
10 119 3 55 7
11 0 1 174 3
12 0 0 61 174
13 14 24 40 173
14 2 173 0 10
15 110 10 62 4
16 33 55 18 58

> ZFP64_ZNF425_PLAGL2_ZNF692_GLI4_ZNF454 18
0 32 698 160 108
1 339 391 160 108
2 32 416 288 262
3 3096 3866 5493 3465
4 2753 2191 10137 1839
5 593 310 15822 194
6 498 271 15890 260
7 285 14200 1976 458
8 100 16385 354 81
9 65 16285 399 171
10 10732 2531 802 2856
11 1239 7492 6046 2140
12 3075 4458 6695 2692
13 2159 912 754 349
14 797 7 1186 7
15 6 878 83 32
16 6 878 57 57
17 211 211 160 416

> ZNF143_ZNF76 21
0 562 684 429 432
1 628 927 480 912
2 573 1047 484 2666
3 2088 286 154 1514
4 67 3689 1 7
5 3 3715 1 0
6 1 3716 1 2
7 3700 14 126 14
8 117 2023 485 1598
9 3256 577 541 10
10 3623 74 193 19
11 40 42 91 3674
12 221 288 3532 124
13 2 3714 3 0
14 3489 510 46 336
15 842 1929 183 1659
16 376 2246 58 2109
17 923 74 3393 465
18 20 2056 182 116
19 503 237 1864 265
20 450 908 385 363

> ZBTB33_ZBED1_ZNF385D 15
0 1371 3032 780 988
1 528 485 138 6155
2 3878 678 2473 33
3 19 112 5 6508
4 3 6475 24 65
5 165 4 7043 18
6 12 6422 13 153
7 41 17 7115 0
8 6184 93 137 66
9 21 4784 450 1070
10 5931 174 548 314
11 269 549 921 5444
12 3142 598 1919 923
13 79 145 109 372
14 90 233 266 116

> ZNF33B_Ddit3::Cebpa 12
0 24 22 26 12
1 22 16 23 23
2 36 10 18 20
3 0 1 0 83
4 1 0 38 45
5 7 75 0 2
6 76 4 2 2
7 80 2 2 0
8 1 6 1 76
9 28 29 12 15
10 9 51 15 9
11 4 53 10 17

> ZNF121_ZNF549 12
0 2333 2876 2580 26897
1 14607 11536 6594 1949
2 982 1591 961 31152
3 1939 757 31609 381
4 214 5284 292 28896
5 509 976 453 32748
6 152 241 33919 374
7 248 30941 1099 2398
8 287 33760 185 454
9 341 33551 188 606
10 27720 2252 1853 2861
11 3027 1888 28275 1496

> ZNF554_ZNF331_THAP1_ZNF548 14
0 303 416 212 222
1 273 529 145 206
2 2996 5883 5058 3022
3 3549 4525 4946 3939
4 954 1290 13948 767
5 728 14486 1242 503
6 14072 1008 1287 592
7 179 476 16128 176
8 9486 805 6385 283
9 299 215 16276 169
10 424 15212 496 827
11 6433 5786 2628 2112
12 3248 4762 5606 2210
13 1377 1812 2007 1135

> Znf423_Ebf2_EBF3_Ebf4_EBF1_ZNF750_TFAP2A_TFAP2C_Zfpm1_TFAP2B_TFAP2E_TFAP2B_TFAP2C_TFAP2A_TFAP2A_TFAP2B_TFAP2C 15
0 16826 10844 13375 13800
1 37315 36864 40708 33882
2 29959 47367 47179 86496
3 31910 106763 44583 59380
4 8895 141378 82956 10173
5 3200 222896 3289 6159
6 4798 214396 5353 11437
7 79920 27988 19346 108827
8 50897 101674 71474 11438
9 99343 12472 121232 3362
10 5835 3875 225301 2442
11 12977 8824 213211 4017
12 87087 100156 43891 15030
13 66556 63622 54618 50348
14 48430 47085 40260 44180

> INSM1_CTCFL 13
0 1 0 4 19
1 5825 4180 4864 3192
2 2659 7041 7097 1264
3 1307 12882 2033 1839
4 17286 413 329 33
5 86 481 17309 185
6 684 601 16534 242
7 349 1141 15449 1122
8 193 767 16843 258
9 351 272 17017 421
10 184 17609 68 200
11 4176 3015 9311 1559
12 1771 7727 6341 2198

> PRDM1_ZNF513_ZNF880_ZNF534 13
0 4746 3271 6057 1486
1 11797 26574 10513 31989
2 18720 15413 11373 35367
3 1321 77732 877 943
4 1382 894 1083 77514
5 2301 2634 1188 74750
6 2018 10452 14883 53520
7 1449 78474 349 601
8 3660 15915 1518 59780
9 2110 75925 825 2013
10 14797 26713 5473 33890
11 12672 23014 10446 24909
12 2499 5776 2621 4617

> OSR1_OSR2 12
0 2730 4726 3304 4048
1 4910 3568 4991 6229
2 1640 1076 16999 683
3 240 18872 170 434
4 283 615 288 18615
5 6416 984 741 12122
6 167 19096 229 216
7 275 2840 202 16386
8 273 410 18827 278
9 2357 2729 2725 13410
10 4454 3551 5718 5975
11 3484 3246 3641 4437

> ZNF570_ZNF585A 14
0 9 12 6 26
1 843 292 566 424
2 949 334 454 388
3 1149 211 205 560
4 2027 30 37 31
5 61 42 1976 46
6 2045 18 24 38
7 220 46 1807 52
8 1599 111 46 369
9 2040 20 33 32
10 191 1623 59 252
11 1579 155 194 197
12 367 261 1164 333
13 1109 265 313 438

> ZNF135_ZNF460 16
0 412 131 1023 46
1 98 1859 307 296
2 35 2318 89 118
3 31 255 98 2176
4 24 2291 57 188
5 911 520 1043 86
6 947 26 1545 42
7 23 2484 33 20
8 2 2535 11 12
9 14 18 19 2509
10 6 2520 21 13
11 41 2383 22 114
12 67 1932 75 486
13 819 176 1453 112
14 1436 210 842 72
15 243 158 1147 64

> ZNF132_EWSR1-FLI1 18
0 70 2 981 51
1 160 12 931 2
2 660 90 295 61
3 427 197 392 90
4 479 70 524 32
5 102 255 735 13
6 436 187 218 265
7 328 32 695 51
8 12 12 1048 33
9 12 4 1086 2
10 966 84 53 2
11 913 2 167 22
12 2 2 1098 2
13 70 43 960 32
14 539 238 226 102
15 102 0 2 1
16 5 0 97 3
17 3 3 97 2

> HLTF_FEZF1_Yy1_ZNF92_Msgn1_ZNF585B 16
0 1519 134 458 142
1 305 136 1538 274
2 14125 8415 10709 12352
3 18845 12572 14454 12295
4 11083 36291 7102 10472
5 55650 3012 3284 3004
6 59948 1800 1939 1271
7 51328 2812 9053 1765
8 60084 1150 2951 773
9 6860 656 1013 56429
10 908 352 62954 744
11 2667 1198 59049 2044
12 11081 28354 16968 8549
13 15207 14171 18658 16914
14 9648 3370 4299 4234
15 355 863 279 756

> ZNF506_ZNF793 16
0 4021 3414 3708 5971
1 4123 5536 5074 2381
2 6039 2490 4349 4236
3 1045 353 15361 355
4 16690 104 218 102
5 1915 69 15079 51
6 268 14810 102 1934
7 712 15216 541 645
8 2553 14042 223 296
9 175 16602 169 168
10 7456 8242 873 543
11 16111 190 636 177
12 3021 2750 9554 1789
13 5520 5843 3366 2385
14 4409 6357 3228 3120
15 2230 2347 2416 2071

> ZNF799_ZNF682 17
0 15 17 16 16
1 231 431 226 234
2 343 242 355 182
3 124 89 788 121
4 105 42 939 36
5 101 857 106 58
6 49 658 56 359
7 1017 72 20 13
8 1058 31 22 11
9 9 55 1038 20
10 14 1062 13 33
11 21 1080 10 11
12 12 1091 10 9
13 70 941 34 77
14 391 128 125 478
15 352 263 323 184
16 192 260 194 412

> ZNF260_ZNF146 22
0 1630 89 174 115
1 135 1581 90 202
2 6501 4809 1017 1103
3 10443 387 2272 328
4 401 627 252 12150
5 623 16 12492 299
6 738 30 12606 56
7 13203 66 94 67
8 12214 166 1012 38
9 87 266 38 13039
10 13186 65 134 45
11 298 8616 627 3889
12 180 227 74 12949
13 13242 65 85 38
14 90 2888 228 10224
15 2267 209 5169 5785
16 404 11408 262 1356
17 1973 3 21 11
18 331 10 1660 7
19 13 1942 8 45
20 335 1316 17 340
21 1597 24 357 30

> HMBOX1_E2F3::DRGX_MEIS1::DRGX_Isl1_LHX2_Dlx2_Dlx5_LMX1B_Arid3b_POU6F2_POU6F1_NKX6-3_VENTX_Nobox_EN2_LBX1_HOXB6_HOXB8_HOXD8_HOXA7_BARX1_BSX_NKX6-1_NKX6-2_GSX2_HOXA4_HOXB4_HOXC4_HOXD4_MNX1_PAX4_Msx3_MSX1_MSX2_DLX1_DLX6_Dlx3_Dlx4_DRGX_ESX1_EN1_TLX2_ISX_Shox2_SHOX_PRRX1_RAX2_UNCX_LHX5_LHX9_PRRX2_HOXC8_HOXA5_HOXB2_PDX1_VAX2_HOXB1_HOXA1_HOXB5_EMX1_HOXA2_Lhx8_Lhx4_LMX1A_HOXD3_VAX1_VSX1_VSX2_mix-a_HOXA6_HOXB7_MEOX2_HOXA3_MEOX1_EVX1_EVX2_GSX1_HOXB3_MIXL1_ALX3_RAX_HESX1_LBX2_GBX1_GBX2_ARGFX_NOTO_EMX2_LHX6_POU6F1 14
0 128 544 750 150
1 2367 869 2360 848
2 6980 6221 4863 7923
3 79865 68361 101947 70412
4 155331 278692 221373 224069
5 41439 128975 15059 816035
6 803760 128589 68103 29494
7 883042 7198 11637 6393
8 8079 9689 15244 881250
9 27181 62951 91557 842605
10 654273 16856 285455 45771
11 253646 209632 368263 121012
12 62875 117808 64453 89876
13 33577 7394 10751 11102

> SCRT1_SCRT2_HAND2_Atoh1_TAL1::TCF3_ZBTB42_ZBTB18_TWIST1_NEUROD1_Ptf1a_NEUROG2_Neurod2_MXI1_BHLHE23_TCF21_MESP2_BHLHA15_OLIG1_BHLHE22_OLIG2_OLIG3_ATOH7_Atoh1_NEUROG2_NEUROG1_TCF15_TFAP4_PKNOX2_TGIF2LX_TGIF2LY_TGIF1_TGIF2_ASCL1_TCF4_MYOD1_SNAI2_Ptf1A_Rbpjl_ZEB1_TCF12_TCF3_FIGLA_SNAI1_SNAI3_Tcf21_FERD3L_MYB_MYOG_Tcf12_Ptf1A_MYF5_Bhlha15_TFAP4_MSC_MYF6_NHLH1_BHLHE22_Neurod2_Olig2_Twist2_Ascl2_ASCL1 17
0 35175 27463 31987 31194
1 46242 23046 32011 24520
2 55918 22415 33040 47403
3 85411 71933 162579 100064
4 134966 269553 161163 171368
5 403488 205711 334837 185068
6 506210 224015 328159 62899
7 7088 1.08157e+06 9028 9530
8 1.07091e+06 11384 18873 9249
9 22559 39590 951454 112781
10 257163 417102 434399 11604
11 11646 27437 11282 0
12 27775 15441 1.03733e+06 26653
13 108374 299351 322899 396371
14 208446 316722 272199 335230
15 207508 148921 162131 156440
16 19123 48711 19159 17029

